5.241111524111152e-10, 5.072855507285551e-10, -1.822835182283518e-10, -5.551115e-17, -3.330669e-16, 2.220446e-16
0.0015335290532803461, 0.004327049773206242, -0.0007055787270260117, -0.01101102, -0.01712164, 0.961713
0.0021292968507853295, 0.005223291230054096, 0.001395089602753755, -0.01699529, -0.03304158, 1.924885
0.002196986836495665, 0.000911193691230969, 0.0028772262956112547, -0.03106702, -0.06341853, 2.888054
0.0014269505761865108, -0.005546402995258968, 0.004370363434810188, -0.04462738, -0.09503621, 3.848312
4.93041473752557e-05, -0.004659594061235595, 0.008800631189407295, -0.05337242, -0.1222173, 4.806551
-0.0009928840602122955, -0.0016082328764129633, 0.011543082259798115, -0.06458549, -0.1448705, 5.738958
-0.0017919539202312408, 0.0014632665571191214, 0.012106209281400564, -0.07542792, -0.1535673, 6.676395
-0.0025962019653392853, 0.002115607772765377, 0.01147740879058418, -0.08936429, -0.1678814, 7.606157
-0.0035470158255397452, -0.00019150521859935096, 0.010825542574011615, -0.1013034, -0.1791661, 8.535486
-0.004252945899627192, -0.0031190193445236694, 0.010759850487109616, -0.1141317, -0.1865848, 9.465868
-0.005254607173330376, -0.004428373870044526, 0.01092854555954683, -0.1275574, -0.1916301, 10.38892
-0.005868140862332623, -0.005084327197983236, 0.01249335690981285, -0.1421945, -0.1997185, 11.33952
-0.006826354668634969, -0.0049733086702711, 0.012665275614843728, -0.1548813, -0.2155601, 12.22345
-0.007500961355219948, -0.003394730880073724, 0.01289855266507186, -0.1693123, -0.2354858, 13.13325
-0.009034616027530444, -0.0011778173836723244, 0.013377328679217291, -0.1849063, -0.2602522, 14.04136
-0.010520174718460172, 0.00010341100619547851, 0.014687238690081027, -0.1992846, -0.2760574, 14.94552
-0.012186554623765094, 0.0006616172654788815, 0.014320203264359206, -0.2169483, -0.2851106, 15.84627
-0.013637250615470291, 0.0015693387741862114, 0.013021605182976634, -0.236713, -0.293361, 16.74309
-0.01536187583602248, 0.0016336658482825714, 0.011573024925230699, -0.2548521, -0.2982439, 17.63484
-0.016919261824825123, 0.0006787551808896562, 0.01212719048531483, -0.2730779, -0.3044055, 18.52684
-0.01825701052302209, -0.0007061476265807191, 0.011499296694819932, -0.2937433, -0.3138402, 19.41419
-0.019760067282745073, -0.0010386272251258482, 0.011345840643382836, -0.3146034, -0.3236882, 20.29478
-0.02149492578323825, -0.0009685079747402304, 0.012491872099153988, -0.3335669, -0.3220398, 21.1689
-0.023090144820532586, -0.0003318073324464241, 0.012699193441701064, -0.3517749, -0.3205089, 22.03793
-0.02411432578789366, -0.0007899131231104439, 0.012636840827647811, -0.372549, -0.3172185, 22.90089
-0.02516738285344993, -0.002747132581624991, 0.012440628382563332, -0.3933684, -0.3159266, 23.75773
-0.02599173548438768, -0.005601342579920412, 0.013788823934706476, -0.4121035, -0.3140241, 24.61543
-0.02667900152928801, -0.006953794512339229, 0.013467383241873314, -0.4280328, -0.3057383, 25.44218
-0.0274406400512447, -0.005760483111845452, 0.012988211490963795, -0.4474023, -0.2988492, 26.26621
-0.0281970857379124, -0.0030064687423822993, 0.011519527198366143, -0.4690774, -0.293049, 27.08037
-0.02897382520155061, -0.0014019506075934318, 0.010968451414753172, -0.491623, -0.2934051, 27.87697
-0.029914266342833357, -0.0009386494954610084, 0.010237083937410211, -0.5147234, -0.2982767, 28.66957
-0.03132448962376944, -0.0005283531715125775, 0.010446212481429407, -0.5377287, -0.3030386, 29.45471
-0.03319091478756921, 9.415537275078558e-05, 0.010122623547485773, -0.5610502, -0.3024561, 30.22665
-0.03503883631483214, 0.00047999306052859945, 0.01012950522084651, -0.5837097, -0.2893166, 30.99325
-0.037099021057549635, -0.0006466133106278248, 0.01048578555831331, -0.6098827, -0.284946, 31.75331
-0.03906313616160657, -0.0032894410198578404, 0.010578394937281925, -0.6373473, -0.2859582, 32.49745
-0.04090640508895534, -0.004548595201480819, 0.00987087578828642, -0.669497, -0.2913155, 33.2349
-0.042852380372513064, -0.004801808737188917, 0.008425809464637992, -0.7070281, -0.2980989, 33.96228
-0.04466645031822553, -0.003942103437516524, 0.005752224911614909, -0.7475972, -0.3011809, 34.70353
-0.0464254443285623, -0.003116203300725964, 0.004226006584058849, -0.7861231, -0.3012987, 35.39317
-0.04793909596412694, -0.004539112821742952, 0.00382424104634233, -0.8225011, -0.2935002, 36.08573
-0.04898207678620124, -0.006122255855177908, 0.0027249495669287587, -0.8579745, -0.2845601, 36.77338
-0.048914789525649614, -0.006862095501701388, -0.0002707632104714493, -0.8979841, -0.2829222, 37.44921
-0.04784249804333394, -0.004787048384710617, -0.0035235997851841496, -0.9356939, -0.2753503, 38.11124
-0.04606735241921861, -0.0014417475701233252, -0.005291369516241386, -0.966244, -0.2643952, 38.76355
-0.04391822793385874, 0.0005630376811906178, -0.005743100768044853, -0.9940685, -0.2590333, 39.40063
-0.04085924114371612, -0.0003408663131800196, -0.006920053313315435, -1.022967, -0.2546909, 40.03748
-0.037308270504831834, -0.0035339796638056372, -0.011853112853665667, -1.054571, -0.2561416, 40.68683
-0.03348046488663103, -0.007282616944571114, -0.016182076274237796, -1.082779, -0.2559993, 41.29211
-0.02915870470906229, -0.008120205728507735, -0.021089889788857397, -1.107347, -0.2542439, 41.89089
-0.023769194647455773, -0.008233169369958208, -0.024833945910563742, -1.127463, -0.2504927, 42.47569
-0.017959817166659002, -0.010233109387779559, -0.02853402837514138, -1.143225, -0.2472759, 43.04425
-0.01120855121709968, -0.011690506938513865, -0.0336018024871337, -1.156523, -0.2461265, 43.59239
-0.004072913732985072, -0.011039745005226918, -0.03697338839278023, -1.163695, -0.2463307, 44.11947
0.003261115001086225, -0.011425619861853677, -0.04055644692132859, -1.165311, -0.2460311, 44.62705
0.01081192670316804, -0.010929567904700947, -0.045082925011361366, -1.165281, -0.2401569, 45.11047
0.018534017753622792, -0.007946728278371357, -0.04949797627375696, -1.162119, -0.2348502, 45.57447
0.026490942776246713, -0.004614282805572571, -0.05121864026816507, -1.153911, -0.2368661, 46.01395
0.03445823869921302, -0.004974745051637666, -0.05174057758421021, -1.139704, -0.2380301, 46.43562
0.04225693089110894, -0.006315855505698276, -0.05133170814560002, -1.11911, -0.2395256, 46.83267
0.0503698223751724, -0.007166440789960936, -0.053192959000255204, -1.098158, -0.2391747, 47.20456
0.0595463021945184, -0.007082597964098997, -0.05673715004282215, -1.077742, -0.2387525, 47.56732
0.06802113413039491, -0.006596997146305018, -0.061451237900115384, -1.059487, -0.2404154, 47.8784
0.07711596955318555, -0.006731673155912006, -0.06515483835986736, -1.036133, -0.2443984, 48.17664
0.08645857817502642, -0.007085122840234799, -0.06474059666792752, -1.006263, -0.2532706, 48.45088
0.09720640857193148, -0.005080663013649831, -0.06362712958437401, -0.9730963, -0.2607772, 48.71656
0.1092005181842349, -0.00034015503685759144, -0.06196817797423994, -0.9369557, -0.2675893, 48.97559
0.12250113075072609, 0.003971718789323237, -0.06251166456035223, -0.8977462, -0.2734425, 49.23239
0.13823477640704027, 0.005941532531489328, -0.06415513496125434, -0.8567415, -0.280568, 49.48708
0.1553888200601709, 0.007221041284976495, -0.06601444499939121, -0.8084309, -0.2860922, 49.7497
0.17180845719059504, 0.008483479116806865, -0.0662679493245325, -0.7577117, -0.2915714, 49.98615
0.19029807643180285, 0.009688544666192117, -0.0653508449617416, -0.6971579, -0.2967619, 50.23058
0.21067402993131804, 0.0101468845683239, -0.06438147301256826, -0.6296551, -0.3022908, 50.47733
0.2307032446548408, 0.011445210692760444, -0.06465857256409366, -0.5626253, -0.3067843, 50.70727
0.2525793253491219, 0.013905948829684205, -0.06629227608219784, -0.4889211, -0.3117062, 50.9453
0.27608791970139557, 0.01611922828074626, -0.06712973045039104, -0.4074937, -0.3179085, 51.18149
0.30166798249303145, 0.017201869606822733, -0.06821584487557746, -0.3172192, -0.3255041, 51.4202
0.32883421225993476, 0.018185193816893135, -0.0710980649897428, -0.2212449, -0.3340796, 51.6593
0.3584658958215951, 0.019474202637694775, -0.0734110655409765, -0.114714, -0.3439537, 51.90075
0.3887656022339238, 0.020860855589584552, -0.07382135254893811, 0.0002735872, -0.3544958, 52.12982
0.42127226655079364, 0.023015692640535046, -0.0711678477035247, 0.1309526, -0.3642721, 52.35595
0.4573682666558763, 0.02599131937578454, -0.06719821523343256, 0.2760316, -0.3733939, 52.58045
0.49508049738459453, 0.030505533682389188, -0.06481531969283309, 0.4279778, -0.3824345, 52.80031
0.5345768184959212, 0.035859075791081226, -0.06417897535803828, 0.5907911, -0.3919068, 53.01901
0.5761649340380267, 0.04051523596294087, -0.06404157127674961, 0.7701079, -0.4025973, 53.24411
0.6199666664265093, 0.044472373345948044, -0.0652935329305576, 0.965237, -0.4147601, 53.4728
0.6648508977932787, 0.04750754979494311, -0.06841276964778287, 1.172293, -0.4302534, 53.69477
0.7114708780548025, 0.05065014797435759, -0.0720378402708402, 1.401712, -0.4467404, 53.9268
0.7606597718085829, 0.053578284280904505, -0.07150514554768697, 1.658262, -0.4647131, 54.15343
0.8124241494827122, 0.05441268178787448, -0.06828711215283273, 1.94608, -0.4776399, 54.36895
0.8650341618157892, 0.05629224669767621, -0.0652656435482795, 2.269729, -0.4777691, 54.58519
0.9202097773572712, 0.058597781279965865, -0.06324134599702085, 2.612681, -0.4832195, 54.78988
0.9761354402746956, 0.062185384093486056, -0.05954521025523852, 2.973763, -0.4792758, 54.98383
1.0331031977176899, 0.06367638726327228, -0.05688903738154083, 3.359263, -0.4860892, 55.16957
1.0890274955987258, 0.06357876866930127, -0.05493639338140037, 3.766145, -0.4913921, 55.33541
1.144712203271643, 0.06284061403438498, -0.05494155967170074, 4.198361, -0.5166196, 55.48396
1.1985150380563205, 0.06299461801381376, -0.05795557349685155, 4.641416, -0.5396177, 55.61845
1.2510727413146212, 0.06665479953819169, -0.05512886089317376, 5.103719, -0.5645924, 55.72143
1.3007892753971209, 0.06691277530080986, -0.044433484804348444, 5.585536, -0.5957735, 55.80227
1.3467808740354112, 0.06584607606046376, -0.030670264011898693, 6.088519, -0.6266796, 55.85617
1.3913175291224547, 0.06663274159108475, -0.02185643978749169, 6.612372, -0.6532414, 55.9028
1.4296298181848632, 0.07051910241357995, -0.017798786289721424, 7.126377, -0.6821309, 55.9379
1.4624677195717983, 0.0715655185765949, -0.008875677302994501, 7.658631, -0.724289, 55.95413
1.4920398895676314, 0.07037790915645162, -0.0021873377431650934, 8.20958, -0.7737852, 55.97135
1.517291251494757, 0.06847706767266079, 0.004688955800566508, 8.774944, -0.8137508, 55.97751
1.5372318542350423, 0.06873353210554839, 0.010140728741346954, 9.351661, -0.857379, 55.98323
1.5529862090983113, 0.07039243422720827, 0.01334973768682043, 9.933246, -0.9020616, 55.98182
1.5664840439023233, 0.0697463261469728, 0.013953808782036017, 10.53767, -0.947374, 55.97984
1.577994797993952, 0.0702612183581742, 0.01435065995021229, 11.13754, -0.9965387, 55.979
1.5870052104003978, 0.07349387566182587, 0.019159942304860934, 11.75501, -1.055254, 55.96304
1.5938132082852654, 0.07521317083572603, 0.023773315493352234, 12.38276, -1.117194, 55.92954
1.5984944806946901, 0.07420316340056739, 0.02398954036547859, 13.02027, -1.167977, 55.90304
1.6020557392530705, 0.07179235963178682, 0.021592808485155737, 13.67308, -1.217524, 55.8833
1.6042965466578096, 0.06426503247773051, 0.01934114026602587, 14.33357, -1.269538, 55.85852
1.6055981403060196, 0.058325407148708285, 0.020728731788071473, 15.01321, -1.317429, 55.82149
1.606159251591909, 0.056105614748942406, 0.023360791404553882, 15.69798, -1.366117, 55.77901
1.6060864430787125, 0.0583750931048202, 0.02652580961214123, 16.38718, -1.417061, 55.74074
1.6057186168807398, 0.06645075934355843, 0.027771407442563532, 17.08252, -1.462354, 55.70318
1.6037962472952825, 0.07432855646550786, 0.028405542738423804, 17.78472, -1.502437, 55.6721
1.60176272481757, 0.07580925074038528, 0.029794302116859118, 18.50468, -1.545746, 55.643
1.599501867427536, 0.07087902905561247, 0.02866879188285636, 19.24155, -1.593908, 55.61503
1.5967923143851077, 0.06339118051710158, 0.02821765518990469, 19.97824, -1.647724, 55.59027
1.5939808080271953, 0.06277561514484149, 0.025909700651150593, 20.71281, -1.696725, 55.56904
1.5912625155023608, 0.06839617812091064, 0.03398338433910939, 21.4385, -1.741686, 55.53688
1.588122804819616, 0.07384637702682208, 0.03604641771953143, 22.16714, -1.787932, 55.51011
1.5855000076071422, 0.07441313490838176, 0.02926072043301461, 22.90332, -1.839076, 55.50537
1.5819476713614853, 0.07198925964931888, 0.025651397257854983, 23.63216, -1.895775, 55.50164
1.5773327388428016, 0.06646610596683279, 0.02931799785100636, 24.37331, -1.955801, 55.48454
1.5744171804528693, 0.06908613799519339, 0.034292982871921826, 25.11164, -2.008471, 55.46362
1.57140466133161, 0.07318390494716824, 0.03375321345694527, 25.83505, -2.059391, 55.46181
1.5677210271465913, 0.07465764192913157, 0.03026675128726424, 26.56806, -2.113697, 55.47262
1.5637832711024149, 0.07348454537517113, 0.02919976433848115, 27.30492, -2.167614, 55.48963
1.5600952202898812, 0.07094814503843963, 0.03360415139066278, 28.04413, -2.226546, 55.49768
1.556396939317362, 0.07089384505434242, 0.03819869878773775, 28.77765, -2.288673, 55.51027
1.553017990497403, 0.07213241033665128, 0.04102412014141854, 29.51232, -2.343893, 55.52232
1.5502996270183413, 0.07254204280737578, 0.04116854587516389, 30.2463, -2.395401, 55.5362
1.5468284874310092, 0.07157054883421395, 0.0428304332760129, 30.98559, -2.445222, 55.54859
1.5431544202841563, 0.07005117113518322, 0.044289250336293856, 31.7263, -2.496112, 55.56188
1.5402744769124117, 0.07133727805676197, 0.04321259253223469, 32.46495, -2.537443, 55.58466
1.5370740374922123, 0.07277923167109819, 0.04039271497120484, 33.2074, -2.578228, 55.61348
1.5343356030547257, 0.07307046379107558, 0.042255561123544956, 33.95101, -2.620601, 55.63975
1.531356030775307, 0.07265688181150659, 0.0395635288631595, 34.69841, -2.667716, 55.67316
1.5292876676624922, 0.07359542134443452, 0.03848485017919686, 35.44252, -2.711893, 55.7093
1.525867307379231, 0.0730709324861785, 0.034638792896862405, 36.19785, -2.761384, 55.74855
1.5224896472725755, 0.07523832175629634, 0.03343529595045798, 36.95093, -2.812393, 55.78704
1.5193476231898966, 0.0795925958434013, 0.0324591744599372, 37.70474, -2.867554, 55.8266
1.515985863991133, 0.08109019932560604, 0.03209301012466855, 38.46575, -2.922992, 55.86855
1.5125484805178842, 0.08362017180555237, 0.026366976523231844, 39.23007, -2.973413, 55.92107
1.5095979393194858, 0.08219582226941229, 0.02237590672084904, 40.0022, -3.024315, 55.97631
1.5061145989692757, 0.08293827656702245, 0.024544245160715485, 40.7783, -3.080932, 56.02494
1.5020330149398304, 0.08397373990627435, 0.023962123500241923, 41.5555, -3.135919, 56.07788
1.4981945854154188, 0.08477038493127646, 0.019436313164798633, 42.33951, -3.188774, 56.1413
1.4939867828495343, 0.08375219355989283, 0.019077083498596648, 43.13031, -3.244326, 56.20333
1.4889164862420092, 0.08219250253376242, 0.018935001126530678, 43.93795, -3.297181, 56.26972
1.4838684247289666, 0.08673194555686747, 0.015505453099336737, 44.71372, -3.352539, 56.34391
1.4777636029802463, 0.09609289165154553, 0.01392560360090081, 45.5044, -3.40258, 56.42297
1.4701263350699643, 0.10045427217882216, 0.012101391197472843, 46.30756, -3.461241, 56.5081
1.462516545798027, 0.1025999240099795, 0.00805064776951317, 47.12224, -3.525277, 56.60533
1.4551443286798424, 0.10003935949189699, 0.004106898193194091, 47.91411, -3.592468, 56.70663
1.447402321454425, 0.09821863991102438, 0.0038226540388021893, 48.72687, -3.662244, 56.81192
1.4401165500424904, 0.09532036059303392, 0.003697549765962932, 49.54068, -3.727642, 56.92162
1.4323616076074581, 0.08893532938677204, 0.0014245776806062944, 50.35682, -3.792894, 57.04097
1.4249745856042428, 0.08186868274511705, -0.0007287145465601373, 51.16788, -3.850124, 57.16787
1.4171887058935129, 0.07814694907512848, -0.0012776757955410326, 51.98907, -3.91255, 57.29726
1.4100459819649116, 0.08132574149156996, -0.0010605465585076246, 52.77379, -3.968025, 57.4249
1.4042491528033827, 0.08733156683313131, -0.0009268300483540885, 53.56153, -4.023164, 57.56033
1.3989234742595613, 0.09186036692388841, -0.001867910683989019, 54.34318, -4.082523, 57.69851
1.3939417028603953, 0.09389839499237652, -0.004009795032685958, 55.10439, -4.143701, 57.83752
1.3882922081323312, 0.09311616047720968, -0.005881499056518762, 55.87053, -4.204409, 57.9795
1.3831516763110456, 0.09039264339457063, -0.0021890168706550153, 56.64546, -4.26212, 58.12033
1.3786995343121897, 0.08458288185518337, -0.0011878037921819137, 57.38911, -4.318314, 58.26251
1.3754825949511262, 0.07653283651030313, -0.0036173087291536048, 58.13668, -4.369152, 58.41357
1.37209761715356, 0.07317908002226704, -0.006811759954251837, 58.87601, -4.420802, 58.56727
1.3687239100043036, 0.07327716592677051, -0.008485304533782519, 59.59961, -4.467621, 58.71611
1.3663970825199343, 0.07523721004022597, -0.010528659875210617, 60.31245, -4.516372, 58.86609
1.3647174013234307, 0.07856946718784288, -0.014809357727708677, 61.01319, -4.564529, 59.02108
1.3625092499998686, 0.08282055512647614, -0.016336671659533373, 61.70436, -4.614787, 59.17238
1.3603161014136445, 0.08799920683309341, -0.016909935477116004, 62.38199, -4.657586, 59.32091
1.358694227848081, 0.08997495694617454, -0.016464270687110698, 63.05593, -4.706379, 59.46843
1.3573421399834786, 0.08918589430460094, -0.01871589383657963, 63.72231, -4.758759, 59.61689
1.3567228881734748, 0.08634306668384298, -0.01873675271615794, 64.3816, -4.814707, 59.76019
1.3563067635103276, 0.08345055731238402, -0.01872017752158719, 65.03281, -4.867829, 59.90218
1.356613074021256, 0.08260152491608802, -0.01798533947095944, 65.67175, -4.913385, 60.03522
1.3582120022058206, 0.08188974934095672, -0.01791448962204719, 66.30099, -4.9654, 60.16765
1.359877535730789, 0.08232173741288328, -0.019195883435658274, 66.92208, -5.018319, 60.29836
1.3621832572450339, 0.08563504597973727, -0.02023272766818486, 67.54573, -5.076711, 60.43224
1.3645534965281763, 0.08956306835581067, -0.018502985397087918, 68.12018, -5.130339, 60.55436
1.3665265930089925, 0.09047718713985836, -0.01615147375187684, 68.72472, -5.182058, 60.67792
1.3687244027279364, 0.08933349225446154, -0.016907884845749246, 69.30307, -5.231855, 60.80309
1.3714289313005141, 0.08641954138713334, -0.017184613878314717, 69.88288, -5.285896, 60.91928
1.3736019904188181, 0.08193669990743672, -0.01691547566616226, 70.44995, -5.342758, 61.033
1.3757369554458592, 0.08151867686585422, -0.013909468786896695, 71.00066, -5.393054, 61.14039
1.3778143224094268, 0.0844122176688555, -0.009590949731305668, 71.54538, -5.440828, 61.24382
1.3805294110560606, 0.08693983704330221, -0.0057533109457212454, 72.08654, -5.485365, 61.34673
1.3821412615658533, 0.089325144285711, -0.006473336780262375, 72.62287, -5.532216, 61.45078
1.3834037757870987, 0.09167547790502575, -0.006626313419103876, 73.15814, -5.583135, 61.55451
1.384751609909984, 0.09003469601218209, -0.004907205291552357, 73.70114, -5.63017, 61.65701
1.3844463041274564, 0.0894085512461523, 0.0014062243649872875, 74.24267, -5.676448, 61.7495
1.3822529806680455, 0.08939010962015605, 0.006481557979179399, 74.78759, -5.7208, 61.84178
1.3804110232386533, 0.08883121501786938, 0.008866401476876722, 75.33524, -5.768173, 61.94475
1.3766497146883978, 0.08794044339792037, 0.005736422656810579, 75.88674, -5.817062, 62.05821
1.3709607206113048, 0.0884445472045052, 0.005174573189005839, 76.43447, -5.862448, 62.17121
1.364055710497889, 0.08793908863884951, 0.0062518451537856255, 76.9926, -5.912287, 62.29135
1.3555474131737983, 0.08729965018848221, 0.00578265285907863, 77.56843, -5.961148, 62.42394
1.3472529488084959, 0.08666510328227099, 0.005280953443438273, 78.12868, -6.008758, 62.55305
1.3378070361184975, 0.08521252525765312, 0.0014210116086336817, 78.69259, -6.059871, 62.69195
1.3273962154553458, 0.085062859318209, -0.00015146145316834983, 79.28502, -6.107865, 62.8458
1.3172984060489994, 0.08749735002679424, -0.004528685839172982, 79.85086, -6.150779, 63.00502
1.306987567258904, 0.08972366576051306, -0.00832256125112291, 80.4534, -6.192815, 63.17985
1.2954408880369062, 0.09075654871241078, -0.012574813735621554, 81.04837, -6.239009, 63.35684
1.2845423971194758, 0.09236725397261672, -0.014462333018174787, 81.65468, -6.285674, 63.54111
1.2740488515898247, 0.09246639519296829, -0.017025774579638508, 82.26579, -6.324963, 63.74049
1.2630566088681645, 0.09313239050582187, -0.01855672102959354, 82.89509, -6.371173, 63.94808
1.2519368813757006, 0.09296208416964322, -0.02192193629502329, 83.53476, -6.414738, 64.1668
1.2408726115261373, 0.08756071135060188, -0.02167166569839199, 84.19403, -6.458457, 64.39981
1.2298292376877606, 0.08051984469011614, -0.01802603852365639, 84.86139, -6.498607, 64.63735
1.2182759220873454, 0.07663608911944611, -0.01661387705771941, 85.53876, -6.545009, 64.88814
1.2075823115921802, 0.07358130940455798, -0.016551732583056006, 86.22445, -6.585584, 65.15377
1.1983428259928501, 0.07178816828197998, -0.010088897071011927, 86.92746, -6.605047, 65.4284
1.188871099419005, 0.07042363281837716, -0.0038203382029796972, 87.63165, -6.624344, 65.70333
1.181817260970903, 0.0637476618169308, 0.005149088898677753, 88.35787, -6.646336, 65.99341
1.174263222595129, 0.06219517400519618, 0.011558325253209597, 89.07692, -6.684073, 66.28897
1.1664250450969247, 0.06332135032867181, 0.0128323304364248, 89.79244, -6.725361, 66.59944
1.1583727563838824, 0.07144031892745319, 0.015557040374750405, 90.50245, -6.763694, 66.90709
1.1507602563711883, 0.07872624161907091, 0.019801171491097634, 91.2181, -6.813377, 67.22868
1.1447737073924649, 0.07938217199176383, 0.01710858054196819, 91.92183, -6.870738, 67.55932
1.139327118277567, 0.07845160202086655, 0.00923260651373065, 92.60904, -6.914272, 67.90371
1.1345652305036786, 0.07951973490610591, 0.0030674803712049388, 93.28887, -6.975179, 68.24748
1.129750620302297, 0.08295539173675379, 0.002052030165456882, 93.9613, -7.03488, 68.58083
1.1249011375795148, 0.08647702448897654, -0.0010177202777095007, 94.63312, -7.110019, 68.92013
1.1208666426832707, 0.08824396633900768, -0.004307299225340787, 95.27546, -7.183014, 69.2482
1.116323349669068, 0.08594032320556023, -0.005502479761244808, 95.92749, -7.259679, 69.5824
1.111646306120697, 0.08258841012279693, -0.00443191369252889, 96.58342, -7.329268, 69.91299
1.1078850751281177, 0.07983815170427883, -0.00489153028999133, 97.20647, -7.398532, 70.23613
1.1037426750241977, 0.0782876051803575, -0.006242463933322552, 97.84561, -7.469536, 70.56975
1.099875163075728, 0.07984714179531512, -0.007863120119372877, 98.43505, -7.533159, 70.88389
1.09682583628951, 0.08077069358738405, -0.006897330815545102, 99.03309, -7.592121, 71.19793
1.0946177716990604, 0.07982030804323123, -0.004864578971737669, 99.6279, -7.650212, 71.50888
1.0928111774409104, 0.07979761400930593, -0.002876661998413198, 100.2122, -7.709739, 71.81621
1.0906743037627726, 0.0789146094748772, -0.004305267375099742, 100.7869, -7.766662, 72.12549
1.088499528648447, 0.07920729978646746, -0.0031240871266574894, 101.353, -7.82354, 72.43265
1.0854955310738152, 0.08160385536232961, -0.003447261525900718, 101.9055, -7.88334, 72.73582
1.0821720023821422, 0.0822577787859758, -0.0011134953827433606, 102.4447, -7.943074, 73.03236
1.0788452271090232, 0.08287287180856606, 0.001238377471306451, 102.983, -8.002376, 73.32849
1.0753892402824792, 0.08263787008444534, 0.004064380535696973, 103.5115, -8.05369, 73.6209
1.0715895956600656, 0.08257166650159546, 0.005549211409960222, 104.0361, -8.096619, 73.90981
1.0680231772371118, 0.082811869452829, 0.006489422746694129, 104.5505, -8.139292, 74.19588
1.064181618328525, 0.08260225939689016, 0.00718446732865368, 105.0601, -8.181955, 74.48234
1.060367863204122, 0.0831540045723731, 0.008847713376852879, 105.564, -8.22375, 74.76626
1.0558863436145747, 0.08467999166797245, 0.008443016690270437, 106.0641, -8.265059, 75.05403
1.0510578148576404, 0.08627085984637597, 0.010432758831675732, 106.565, -8.308372, 75.34311
1.0454196567357128, 0.08922475811052483, 0.008041113853826484, 107.0595, -8.363102, 75.63421
1.0388561521242967, 0.09446636601229741, 0.004721755368209996, 107.5403, -8.418748, 75.92569
1.0316131966318207, 0.0998551635421526, -0.0007253849234786062, 108.0289, -8.475876, 76.22883
1.0240200890871958, 0.10449456933013511, -0.005779958874822467, 108.5079, -8.530283, 76.53231
1.016141387157403, 0.10823963810115746, -0.008838598255413346, 108.9938, -8.586122, 76.8408
1.0093259819533251, 0.10599175392625505, -0.01347158731573696, 109.4846, -8.642339, 77.16092
1.0023912758765356, 0.10078655106631176, -0.01995794994480106, 109.9856, -8.706456, 77.48994
0.9950236287867009, 0.09426094526451884, -0.0260970617670249, 110.4964, -8.763095, 77.82451
0.9876896433250143, 0.08781493555056691, -0.03237507416658981, 111.0125, -8.817849, 78.17109
0.9801710121873407, 0.08408249600713297, -0.03506603607762941, 111.5367, -8.867411, 78.51965
0.9718770199944821, 0.08555050589814144, -0.03964516104853093, 112.0557, -8.915374, 78.87613
0.9641459266012932, 0.08785290375840019, -0.0434359413574307, 112.5829, -8.963221, 79.24678
0.9562711130567442, 0.09017706578480267, -0.0462136600857706, 113.1161, -9.011645, 79.62766
0.9482317166029846, 0.09118181315787087, -0.0482737521798744, 113.6686, -9.057118, 80.01888
0.9401735392662729, 0.09010706971857207, -0.051548925209215724, 114.2286, -9.105368, 80.42589
0.9319158387896804, 0.08825652144384673, -0.057517853333174856, 114.7933, -9.158005, 80.84871
0.9231011586919106, 0.08518170218617695, -0.05791029904047892, 115.3671, -9.217043, 81.28451
0.9137460366203387, 0.08280775824057768, -0.057896076473063225, 115.9476, -9.273702, 81.72926
0.9041430284845012, 0.08233316169693432, -0.05882068422446125, 116.5301, -9.317811, 82.18891
0.8940464187524287, 0.0815470307070202, -0.06377450036349944, 117.1091, -9.366338, 82.66397
0.8838902760357504, 0.08191244993838885, -0.06418894759459316, 117.7001, -9.410224, 83.15109
0.8749495112867236, 0.08153945374767325, -0.0659247327367455, 118.2986, -9.457628, 83.65236
0.8682950621829357, 0.0798043447179279, -0.06587913865563871, 118.9071, -9.501459, 84.16417
0.8636287412818227, 0.07859991124886138, -0.06505220737567988, 119.523, -9.549903, 84.68521
0.85909729421806, 0.07843816508000043, -0.06115269322471073, 120.1636, -9.590647, 85.22386
0.8551623699172011, 0.07835477000244408, -0.05574651382391053, 120.7812, -9.63523, 85.74376
0.8509337484223154, 0.07609010772642018, -0.04796256539225108, 121.4334, -9.682937, 86.29266
0.8467988482543373, 0.07359829209625586, -0.042310620401270614, 122.0849, -9.728697, 86.85165
0.8427081638045437, 0.07111000668623181, -0.036624931796570934, 122.73, -9.773963, 87.405
0.8383348334638864, 0.06989215358386705, -0.03641761576693149, 123.3777, -9.820354, 87.97821
0.8341150351445499, 0.07150856489050073, -0.03723598586884139, 124.0203, -9.868055, 88.55484
0.829072641048221, 0.07247684111225258, -0.04308735827243612, 124.6768, -9.916275, 89.16047
0.8249562001979082, 0.07215288133967852, -0.048583926462442736, 125.3111, -9.964397, 89.75362
0.8211344840030703, 0.06689978658863283, -0.04954852967951657, 125.9636, -10.01373, 90.35993
0.8164044103441189, 0.06054242408290898, -0.05219539688966364, 126.619, -10.0578, 90.97676
0.8119889409594019, 0.05365209955284631, -0.051815392574977026, 127.2756, -10.10087, 91.59686
0.8059915177376417, 0.050305978540632554, -0.049050659675581074, 127.9271, -10.14276, 92.21818
0.7998282439880348, 0.05192633756001581, -0.043456286702950285, 128.5815, -10.1842, 92.84078
0.7928594629331788, 0.0583739189825291, -0.03267875799851556, 129.2245, -10.23342, 93.4639
0.7853880290995758, 0.06690003693276199, -0.026894299428652062, 129.8788, -10.28691, 94.10638
0.7774925509436844, 0.06990650945600539, -0.024257632788900963, 130.5065, -10.3407, 94.74426
0.7694681670535025, 0.0671443768289584, -0.02172905951690283, 131.1491, -10.39963, 95.40323
0.761271731096431, 0.06306184424796299, -0.017144658832943117, 131.7916, -10.456, 96.07042
0.7537579076118271, 0.06449372285652989, -0.012923036879211536, 132.4272, -10.50523, 96.742
0.7471147791828364, 0.0692816467720297, -0.010494779818505226, 133.059, -10.55248, 97.41926
0.7416354639165789, 0.07241478359938928, -0.011574322817767747, 133.6847, -10.60432, 98.10439
0.7371311300199326, 0.06936566536558694, -0.009191689748791188, 134.3191, -10.66004, 98.79631
0.7337576029456808, 0.06545516428756767, -0.005953095750582119, 134.9539, -10.71551, 99.48856
0.7318638295533694, 0.06308282537845693, -0.002816063266516346, 135.6011, -10.77139, 100.1963
0.7311841098002486, 0.06034557496308935, 0.0006086505733462717, 136.2215, -10.81998, 100.8793
0.7307755181279589, 0.05883127171196985, 0.0005043586490786387, 136.8528, -10.86978, 101.5789
0.730969080402553, 0.057791317261656705, -0.0007072459415493555, 137.4843, -10.91832, 102.2803
0.7316571626140429, 0.05939871557577255, -0.0023641689074672214, 138.1207, -10.96869, 102.9852
0.7334749835732765, 0.061346496398000286, -0.006216558639770763, 138.7684, -11.01807, 103.7008
0.7360772980718518, 0.062460157727667526, -0.00967600666942889, 139.3904, -11.06529, 104.3827
0.7387784370643132, 0.06200817400053557, -0.014097430233448604, 140.0213, -11.11507, 105.0727
0.7422444104915196, 0.06110767229896544, -0.01599424444234191, 140.6686, -11.1641, 105.7715
0.7456522629308144, 0.06002042559856936, -0.016794520451303474, 141.3096, -11.21534, 106.457
0.7492546354570798, 0.05656532499909467, -0.017983131119203848, 141.9472, -11.26171, 107.1334
0.7533962368106718, 0.05492182338234268, -0.014249358549915587, 142.5933, -11.3094, 107.8056
0.7575298799222844, 0.05978401933860437, -0.015221470838948318, 143.2295, -11.35965, 108.4648
0.7620510761267678, 0.07013513944177747, -0.020084194192826754, 143.8589, -11.4107, 109.1244
0.7666095644760273, 0.07526723623440747, -0.022204727331909636, 144.4994, -11.4626, 109.7839
0.7718311597590232, 0.06952392196808188, -0.025026137072533747, 145.1538, -11.52141, 110.4492
0.7769043065809771, 0.06398695007120364, -0.027751248822986987, 145.7899, -11.57854, 111.0957
0.7819054680819505, 0.06172609206521603, -0.029245959419224313, 146.4484, -11.63357, 111.754
0.7865288406393107, 0.06145542180810863, -0.028878814437585717, 147.0826, -11.68264, 112.3782
0.7909739357352646, 0.06126017401726525, -0.026791607362950644, 147.7333, -11.73221, 113.0076
0.795251194277241, 0.06325055070661337, -0.02295087718893513, 148.3963, -11.78416, 113.6394
0.8002290908990971, 0.06611848206222265, -0.019478441651513197, 149.0522, -11.835, 114.2503
0.8058088797598726, 0.06891162354185097, -0.01665588139092579, 149.7073, -11.88352, 114.8427
0.8113125129493417, 0.06960064313481903, -0.016730285789393597, 150.3763, -11.92783, 115.4384
0.8169244546570835, 0.06963079520463236, -0.01864577196104167, 151.0476, -11.97578, 116.0372
0.824000378986191, 0.0693032285906269, -0.018440681022452703, 151.7272, -12.02409, 116.6342
0.8314496660641812, 0.0710032879490913, -0.02063547667107831, 152.4041, -12.07204, 117.2224
0.839540181732774, 0.07547394845089067, -0.025218197512556603, 153.086, -12.12501, 117.8158
0.847533844658425, 0.08162512577790255, -0.027227820120640258, 153.7739, -12.17933, 118.3992
0.8560827201686009, 0.08368479710995419, -0.02699106461207177, 154.4786, -12.23831, 118.9893
0.8647477125769282, 0.07605752353182073, -0.028190351919451132, 155.189, -12.299, 119.5662
0.8739061125889334, 0.0650613030116302, -0.034266202040416874, 155.9127, -12.36503, 120.152
0.8836893700121559, 0.05866342542326153, -0.03346038505511215, 156.6454, -12.42646, 120.7245
0.8926795304149806, 0.05793929301149656, -0.037949786780697686, 157.3838, -12.47643, 121.2983
0.9029076332802654, 0.06064256872388236, -0.036064498259022304, 158.1338, -12.52578, 121.8681
0.9112761488099511, 0.06560854259305046, -0.030699432078832172, 158.9058, -12.58374, 122.4322
0.9198998938369389, 0.07547971681335412, -0.030023363475439675, 159.646, -12.63933, 122.9716
0.9295476284063893, 0.08013621587387809, -0.025359996926308557, 160.4008, -12.70216, 123.5094
0.9388307522683143, 0.07629640361946885, -0.022763495452297958, 161.1947, -12.77762, 124.0636
0.9478221918967565, 0.07155922397689307, -0.018568738175190263, 161.9638, -12.85193, 124.5828
0.9559698100404054, 0.0717757781482358, -0.01715126148163548, 162.7291, -12.9194, 125.0909
0.9641640958949372, 0.07199297981196931, -0.015724670946359903, 163.4987, -12.98726, 125.6019
0.9723608355138189, 0.07217300690693983, -0.014264418887268903, 164.2698, -13.05527, 126.1138
0.9788751501403189, 0.06823549394308374, -0.009696531347068417, 165.0417, -13.12226, 126.6042
0.984950083098341, 0.06448546478310081, -0.009104373333309594, 165.8008, -13.18289, 127.092
0.9901971801281199, 0.062487702063405114, -0.010530898038021354, 166.5531, -13.23954, 127.577
0.9956233697287932, 0.06552800029552786, -0.011037413433530463, 167.2915, -13.29978, 128.0524
1.000183229816299, 0.07012607513569384, -0.010293873161545978, 168.0469, -13.36429, 128.5271
1.0036571727462544, 0.0759730900845308, -0.01027774799018092, 168.764, -13.42431, 128.9792
1.007588735031308, 0.07706566725624514, -0.013100658240815036, 169.4764, -13.48459, 129.4289
1.0108920436923579, 0.07113746734982108, -0.012949072714494215, 170.1931, -13.54899, 129.8817
1.0138283013479943, 0.06302009162108292, -0.00977885234667397, 170.9121, -13.61181, 130.3215
1.0171035923666547, 0.05985894413898859, -0.0054425480554413114, 171.6213, -13.67121, 130.7525
1.020434817847607, 0.06189765077468363, 0.00047801896558316207, 172.3205, -13.72813, 131.175
1.0231493517837493, 0.06629845739033878, 0.0018167575103287237, 173.0101, -13.7841, 131.5931
1.0254840290215892, 0.07284009947168008, -0.00021707724202971342, 173.6861, -13.84508, 132.0073
1.0279555582472941, 0.08151852191483602, -0.0024687709488361896, 174.3545, -13.90627, 132.4182
1.0308029781139585, 0.08546255700164333, 0.0018910380687065466, 175.035, -13.96378, 132.827
1.0337254123003523, 0.07763000429426649, 0.0009002588171317799, 175.6897, -14.01825, 133.2184
1.037438284969989, 0.06322825899575163, -0.007064704011380863, 176.3532, -14.07865, 133.6308
1.0410290926459624, 0.05504363755715955, -0.015407424557512008, 177.0072, -14.134, 134.0303
1.043515067033405, 0.056730588201346764, -0.01619059438109609, 177.652, -14.18089, 134.4121
1.0462771754829823, 0.06250668112354545, -0.012694933242669716, 178.2937, -14.22293, 134.7778
1.0492093996317957, 0.06475337848350673, -0.01170108058620888, 178.9314, -14.26465, 135.1404
1.052238085882798, 0.06361133311973341, -0.012111993244047726, 179.5573, -14.31261, 135.5048
1.055411086366474, 0.061841333483271296, -0.012994716123762833, 180.1748, -14.36322, 135.8638
1.0583294548647215, 0.06151931296770131, -0.012831566621071348, 180.7795, -14.41258, 136.2166
1.0617884714708823, 0.06280523556409211, -0.01114782044430192, 181.3913, -14.45852, 136.5576
1.066246800032714, 0.06528161332288221, -0.010248159631000248, 181.9903, -14.50312, 136.8908
1.071164375251967, 0.0674207403539009, -0.010419481593129718, 182.5812, -14.54745, 137.2138
1.0765737013122623, 0.06942222750309567, -0.01041822406869486, 183.1665, -14.59096, 137.5326
1.0823943150590942, 0.07206780690082636, -0.010783009113990846, 183.7467, -14.63103, 137.8441
1.0890570748658441, 0.07615178244684871, -0.00945174896601557, 184.3283, -14.67151, 138.1496
1.0963729659075765, 0.08009543544207007, -0.007631780115920315, 184.9104, -14.71237, 138.45
1.103654461263604, 0.08172596081350132, -0.009381481109348425, 185.5029, -14.7551, 138.7526
1.1110121956115797, 0.08150286605451568, -0.013845532106728455, 186.0967, -14.79763, 139.0562
1.1182043286883092, 0.0811705276207019, -0.017455576992276154, 186.7023, -14.84501, 139.3564
1.125281098873627, 0.08193437063499619, -0.017839792181741355, 187.3167, -14.89366, 139.65
1.1328828237264847, 0.0848829407195051, -0.018863792369733824, 187.939, -14.94259, 139.942
1.1409929807821082, 0.08906766969280361, -0.022080273364816546, 188.564, -14.99292, 140.2354
1.149223130313653, 0.09215377513354503, -0.024084534274921604, 189.1978, -15.03908, 140.5266
1.157021905138743, 0.09414057113041562, -0.025683981042361224, 189.8399, -15.08795, 140.8155
1.1650776801865763, 0.0967994332306826, -0.026084046952764377, 190.4965, -15.14579, 141.0981
1.1729681679691393, 0.0980789605867306, -0.02746753623977132, 191.1667, -15.20551, 141.381
1.1809274847722597, 0.10019818151207936, -0.02394442414871154, 191.8455, -15.26383, 141.6544
1.188697360494113, 0.0998889265223381, -0.021756499951217152, 192.5394, -15.32526, 141.9287
1.1968921219555342, 0.09743325155701918, -0.020669960347493004, 193.245, -15.38822, 142.2045
1.2047829877925071, 0.09430133389218788, -0.021920402721723936, 193.9627, -15.45199, 142.4808
1.2120254214936292, 0.08986475333686803, -0.021184542440074776, 194.6963, -15.51367, 142.7543
1.2184218701209537, 0.08717009908758831, -0.017579259987947547, 195.46, -15.57305, 143.0263
1.224319208734168, 0.08158936827538722, -0.016977330780076634, 196.2138, -15.62684, 143.2937
1.2303536908012902, 0.07590820388042394, -0.016339046523632775, 196.9859, -15.68196, 143.5675
1.2356532001317846, 0.07736036913166316, -0.011504883197938813, 197.7721, -15.74033, 143.8336
1.2410444800070164, 0.08605873155656198, -0.009143108250578178, 198.5592, -15.79846, 144.0967
1.2460757322941503, 0.10048442678717681, -0.0036683860123907924, 199.3386, -15.85428, 144.35
1.2507936527593728, 0.10879610961786153, 0.0023404451872793535, 200.1451, -15.92437, 144.6074
1.2556530240332575, 0.10565487228030121, 0.008473153542400476, 200.9751, -16.00532, 144.8679
1.2610125864167336, 0.09856893466132105, 0.015302122198088526, 201.8244, -16.08857, 145.1297
1.266173044802644, 0.0933966994956008, 0.01746244191465135, 202.6924, -16.17598, 145.3976
1.2709462332348522, 0.09916333064874545, 0.014220800661139827, 203.5316, -16.26124, 145.6544
1.275504861840473, 0.10755314736345933, 0.010174445933187375, 204.3673, -16.33869, 145.908
1.2805561511745314, 0.11035897946323156, 0.006352197720949752, 205.2495, -16.42655, 146.1719
1.2859758454089747, 0.10387178727502198, 0.00310078290927543, 206.1048, -16.51609, 146.4228
1.2915311585253733, 0.09927952593662905, 0.0005206342645630102, 206.9819, -16.6098, 146.6776
1.2971559874468566, 0.10055166414585091, -0.0006033032930984065, 207.8609, -16.69858, 146.926
1.3022463453955007, 0.10464801277369827, -0.0015752995858614388, 208.7471, -16.78439, 147.1708
1.3073260024113442, 0.10566633322299068, 0.0016981091277196432, 209.644, -16.8739, 147.4068
1.3118007276756636, 0.10566321218914304, 0.005516976478146158, 210.5492, -16.96319, 147.6436
1.3159326709423411, 0.10425728109961883, 0.007059212263075255, 211.462, -17.05443, 147.8807
1.3197362296621433, 0.10421494312799423, 0.009563761338095179, 212.3811, -17.14388, 148.1148
1.3225834810182702, 0.10298575486063223, 0.009711084009231681, 213.3004, -17.23376, 148.3482
1.3253807268069995, 0.10130610277173174, 0.008555635195394574, 214.2272, -17.32239, 148.5829
1.328002765653519, 0.09931861717571673, 0.008641904577548813, 215.1568, -17.41109, 148.8145
1.330445516877043, 0.0984830768703542, 0.004144761883826797, 216.0841, -17.50032, 149.0489
1.332111916287016, 0.10063257359311231, 0.002839410193566504, 217.0093, -17.58912, 149.2778
1.3339180436456581, 0.10148904159277393, 0.0022274484625392395, 217.9343, -17.67768, 149.5044
1.3360215759996028, 0.10225913287861516, 0.002627633676413209, 218.8603, -17.76862, 149.7262
1.3373784000686226, 0.09941896906937193, 0.0025953820219993652, 219.7937, -17.85886, 149.9499
1.3387412356598531, 0.09776956639695082, 0.00520139383245168, 220.7197, -17.94623, 150.1656
1.340434014732139, 0.09342607011668143, 0.005978937234816174, 221.6448, -18.03413, 150.3821
1.3420965315244853, 0.0971878295252454, 0.005150549616128975, 222.5742, -18.12038, 150.6004
1.3440698439828844, 0.10153778939802671, 0.004778120483114847, 223.5075, -18.20847, 150.8144
1.3459567467583649, 0.10587721085120765, 0.004445114646566046, 224.4121, -18.29363, 151.0218
1.3486737092690109, 0.10599869691859064, 0.0032268178030185426, 225.3277, -18.38635, 151.2317
1.35149349249919, 0.10180959367296857, 0.0017903447246261255, 226.2731, -18.4808, 151.4464
1.3546476400049872, 0.09551637470972026, 0.0023012919183256486, 227.1676, -18.56752, 151.6432
1.3584795686385753, 0.09168565786536706, 0.0030680204402238837, 228.1038, -18.65508, 151.845
1.3624363603182443, 0.092110582803041, 0.0017298731548772096, 229.0056, -18.73661, 152.0382
1.3667384374707408, 0.09378680565059909, 0.0018728670671965847, 229.9189, -18.81652, 152.2303
1.3706416910119614, 0.09381330560714314, 0.001903666128183707, 230.8378, -18.89376, 152.4181
1.3750531501776053, 0.09315326095009105, 0.0019801236054363923, 231.7587, -18.96992, 152.6032
1.3791903561941938, 0.09204285503874302, 0.0027504451798431766, 232.6895, -19.04112, 152.7858
1.3831384982955999, 0.09143087559350252, 0.0018540986061203063, 233.6155, -19.11494, 152.9646
1.3872015788800418, 0.09190376087328665, 0.00028383014075344487, 234.5305, -19.18701, 153.1401
1.3910849562913465, 0.0922291651177763, -0.0021009208780178317, 235.4493, -19.26118, 153.3132
1.395142623604963, 0.09131039281783768, -0.004333884246178807, 236.3787, -19.33366, 153.478
1.3985708891289885, 0.09155605324353983, -0.008818908743712772, 237.2897, -19.41011, 153.6418
1.4019674744090245, 0.0953941156840254, -0.013535662828826595, 238.1998, -19.49555, 153.8032
1.4050704164305121, 0.10065177011100557, -0.01617481491583685, 239.1054, -19.5793, 153.959
1.4084444352462286, 0.10213860502654011, -0.01771488660513503, 240.0191, -19.66444, 154.11
1.4117810224275058, 0.09922725842038121, -0.01921744878762864, 240.9342, -19.75257, 154.2564
1.4152570343729676, 0.09543961908993052, -0.018722967640801596, 241.85, -19.83999, 154.3982
1.4184320562496915, 0.09256203610151424, -0.01817506095827031, 242.7628, -19.92378, 154.5354
1.4218765163181377, 0.0917293116100617, -0.016787072892621956, 243.6688, -20.00434, 154.6684
1.4254172398445761, 0.09196065300735112, -0.01611967932633033, 244.5757, -20.08388, 154.7979
1.4295627685792245, 0.09380646483527036, -0.016775831824575697, 245.4743, -20.16399, 154.9236
1.4343177304866852, 0.09629314339829403, -0.017096340120578004, 246.3684, -20.24532, 155.0412
1.440127735574933, 0.09334565746670026, -0.007664798600043455, 247.2733, -20.3235, 155.1446
1.4444638772665535, 0.0878209914511948, -0.007073283344695022, 248.1739, -20.40379, 155.2524
1.4500089499215145, 0.08874508944253241, -0.0071452618323329985, 249.0698, -20.48204, 155.3582
1.4542460761009144, 0.10208904594896764, -0.004002965594929366, 249.9549, -20.55749, 155.4527
1.459837024485553, 0.11592809938149501, -0.0020245265310738997, 250.8345, -20.6346, 155.5425
1.4653558379107359, 0.11850326873844731, -0.0042929611321601115, 251.7259, -20.71972, 155.6328
1.4704811172908276, 0.11173113440667552, -0.008754973912529924, 252.6209, -20.80615, 155.7215
1.475448331300225, 0.10468792933853414, -0.010893866986917414, 253.5136, -20.89449, 155.8057
1.4806556281226404, 0.10077428587790475, -0.012497449529933233, 254.4024, -20.98217, 155.8813
1.4866681616241173, 0.10013102921745021, -0.016260511258283466, 255.2821, -21.06516, 155.9558
1.4935694602446086, 0.09797942498511439, -0.020224785626317184, 256.1621, -21.14494, 156.0255
1.5007558449893388, 0.09348290124986167, -0.02373278542129473, 257.0428, -21.22381, 156.0897
1.5080045066070917, 0.08952578848268042, -0.025545291991376774, 257.9199, -21.30232, 156.1451
1.514879747283324, 0.09209587878292623, -0.02115714448867614, 258.7907, -21.3755, 156.1854
1.5213631940847527, 0.09624829325895436, -0.019032020178475658, 259.6601, -21.44205, 156.224
1.5282710184125092, 0.09852010259068111, -0.016575665602191546, 260.527, -21.51116, 156.258
1.53473808050527, 0.09707253085150837, -0.01660295461994272, 261.3989, -21.58418, 156.2883
1.5409861909044769, 0.09385126032591229, -0.017438344766797825, 262.2717, -21.65347, 156.3158
1.5472258059776722, 0.09315454838722964, -0.014604087630744172, 263.1403, -21.72636, 156.3324
1.5524993700784173, 0.09540623601827847, -0.012448924873465767, 264.006, -21.79663, 156.3451
1.5571350746207575, 0.09919682025886568, -0.012802586180283019, 264.8657, -21.86707, 156.3569
1.5608418609014354, 0.10071196969169466, -0.010053712861891878, 265.7295, -21.94115, 156.3616
1.5636589501068923, 0.09957519413724175, -0.004796137228517787, 266.5945, -22.0171, 156.3599
1.5656697583960633, 0.09703733515350908, -0.0028745140569333837, 267.4594, -22.09328, 156.3596
1.5677226900058827, 0.09540490456748493, -0.0008192937655645845, 268.3206, -22.16749, 156.3531
1.5695973534456085, 0.09426493568988496, 0.0011473140320485751, 269.1826, -22.2424, 156.3491
1.5707398720495436, 0.09607184367414306, 0.0034614099539553743, 270.0395, -22.31694, 156.3437
1.5714595111554375, 0.09750906988883713, 0.005295217749710206, 270.8934, -22.39231, 156.3409
1.5712588735503485, 0.09912561023699049, 0.008848861339305758, 271.7439, -22.46937, 156.334
1.570373307836873, 0.10006097689089138, 0.01071026683985183, 272.5882, -22.55275, 156.33
1.5690864439757066, 0.10027235611904897, 0.012078071873882656, 273.4367, -22.63729, 156.3283
1.567405231994635, 0.10002861509334023, 0.014042886723590687, 274.2406, -22.71743, 156.3276
1.5650528595018784, 0.09887056156393736, 0.014922650418109988, 275.0562, -22.79801, 156.3301
1.5624407094173474, 0.09664035681141922, 0.015713032599634483, 275.8616, -22.87783, 156.3361
1.5592798796325356, 0.09362043845150816, 0.01568077055440372, 276.6656, -22.95477, 156.3455
1.5557778491692817, 0.09075232229749176, 0.014825350994215883, 277.4484, -23.02961, 156.3596
1.5520533184676346, 0.0886642583889943, 0.013036999180156234, 278.2238, -23.10166, 156.3778
1.5479349385115746, 0.08905885089753275, 0.008379485513607014, 278.9862, -23.17205, 156.4029
1.5439567481227077, 0.09031077842878459, 0.005651712355625596, 279.7382, -23.23843, 156.4295
1.5398253750283304, 0.09050486745786135, 0.005705872331649849, 280.4806, -23.30168, 156.455
1.5360915049075303, 0.08766771318554141, 0.004632760206699574, 281.2202, -23.36731, 156.4848
1.5327633058466135, 0.08437187535729423, 0.002814086121601521, 281.9382, -23.43189, 156.5202
1.5287605149532477, 0.08225104823728277, -0.0007403201617059453, 282.6515, -23.49597, 156.56
1.524918548425204, 0.08389058787227509, 0.0014559789631820239, 283.3383, -23.55164, 156.5937
1.5210425429335923, 0.08516133802765567, 0.0009598867116358408, 284.0121, -23.6105, 156.634
1.5176520911865086, 0.0872160212342729, 0.00035577337966251593, 284.6753, -23.6696, 156.6761
1.5145148172047178, 0.08965101385927142, -0.0006572232113362131, 285.3276, -23.7268, 156.7166
1.5111613067396996, 0.0899114940968197, -0.004226802293633216, 285.967, -23.78128, 156.7616
1.5077922234685461, 0.0902718280400566, -0.0063830045592348705, 286.5937, -23.83446, 156.8069
1.5041621805641532, 0.09132632409405539, -0.00786999580063038, 287.2092, -23.89017, 156.8523
1.5010975599907155, 0.08930535235262056, -0.009078227363270448, 287.8108, -23.94344, 156.8983
1.4974507495183893, 0.09139457854739433, -0.00954553088690943, 288.4106, -23.99582, 156.9431
1.494535281950608, 0.09381898604351065, -0.012773311318056505, 288.9746, -24.04626, 156.9918
1.491870733944812, 0.09348960928339796, -0.014477256609274049, 289.5493, -24.10169, 157.0416
1.4884536273604283, 0.09256190322503259, -0.015737266490771937, 290.1099, -24.15117, 157.0886
1.4854051204194152, 0.0926711069619575, -0.016934038761783256, 290.6604, -24.19669, 157.1342
1.4824531462115906, 0.09264899554216646, -0.01717496324128349, 291.199, -24.24004, 157.1804
1.4793057069070559, 0.09418792889784802, -0.01814556160780777, 291.7281, -24.28194, 157.2288
1.4766947410095168, 0.09470887274163248, -0.01899689343105887, 292.2488, -24.32193, 157.2772
1.4742609886128304, 0.0958920564589312, -0.01794463054125759, 292.7596, -24.36116, 157.3242
1.471970250927299, 0.097465780870812, -0.01908104338469082, 293.2587, -24.40494, 157.3722
1.4703037349290875, 0.09856081288163177, -0.02002034507285644, 293.7527, -24.44767, 157.4213
1.4687675691903965, 0.10001874346786362, -0.020758219422967638, 294.2374, -24.49148, 157.4678
1.4676987696295576, 0.10119603705329858, -0.02131345583029608, 294.7246, -24.53746, 157.5174
1.467647171889533, 0.10181482692093448, -0.020504929733207184, 295.2096, -24.58496, 157.567
1.4681624848517074, 0.10228115284142947, -0.021018990352458886, 295.702, -24.63307, 157.617
1.469053684622449, 0.10142762640303282, -0.022586392085068425, 296.1993, -24.67824, 157.6689
1.4704866004370745, 0.100193963290719, -0.023172871596069563, 296.7013, -24.72333, 157.7197
1.4725371495626418, 0.10111040085785873, -0.021356391277417647, 297.209, -24.77055, 157.7654
1.474652622094042, 0.1048135152424644, -0.018507318581637646, 297.7199, -24.82169, 157.8091
1.4766135479188356, 0.10861202713062727, -0.013296811232927037, 298.2403, -24.87488, 157.8477
1.4791141650300152, 0.11415326625871129, -0.010461537818430445, 298.7679, -24.92374, 157.8894
1.4814649802428097, 0.11773441927213583, -0.01138508019397224, 299.3114, -24.96956, 157.9364
1.4836180000969519, 0.11786895198657095, -0.011188171449646124, 299.8664, -25.02054, 157.9801
1.485669937356792, 0.11526648007964604, -0.0065782900488345186, 300.4328, -25.085, 158.0169
1.4875399109725893, 0.10970543475334038, 0.002488037947586393, 301.0133, -25.15046, 158.0468
1.48972417735257, 0.10966589746693174, 0.0038152276681279527, 301.5988, -25.21321, 158.0882
1.4923768284364913, 0.11296722507480246, -0.0006054809436595817, 302.1893, -25.27483, 158.1416
1.4941745039847658, 0.11441488044820268, -0.0033569701492458842, 302.7896, -25.33868, 158.193
1.4957146301332096, 0.11272619887651743, 0.0018588260013305976, 303.4095, -25.40269, 158.2314
1.4972292955534101, 0.11218406675674991, 0.006874202872223463, 304.0385, -25.46722, 158.2678
1.4990681903220258, 0.11153541898334439, 0.007536598890321747, 304.6811, -25.53204, 158.3096
1.501341906457863, 0.11291992840076165, 0.003914866884620788, 305.3328, -25.59815, 158.3588
1.503169220203868, 0.11378699301391217, 0.0013096335731682459, 305.9952, -25.66221, 158.4057
1.5046025728562435, 0.11818454551467066, 0.001265715593646814, 306.6661, -25.72467, 158.4467
1.506511071555603, 0.11978113702219147, 0.002377967055518066, 307.3491, -25.79503, 158.4838
1.5080391947730578, 0.11852844568819607, -0.001247864748560746, 308.0487, -25.86821, 158.5319
1.509553129669189, 0.11720607732530351, -0.00494217158384603, 308.7476, -25.94126, 158.5802
1.5116401501867507, 0.118992817089152, -0.005482334932919808, 309.4569, -26.01685, 158.6244
1.5133730926831295, 0.12331238990045414, -0.002110140676368144, 310.1745, -26.09606, 158.6611
1.5150502551619527, 0.12973402839005263, -0.0005065242360724734, 310.8972, -26.1748, 158.6982
1.5164001668789322, 0.13383286928437865, -0.0005020531686558443, 311.6329, -26.25448, 158.7386
1.5173523223276537, 0.1311815327387209, 0.0038258148238498723, 312.3814, -26.34091, 158.7711
1.5185403136447087, 0.12503958233617765, 0.008751385577836395, 313.1397, -26.43175, 158.8018
1.5199819403589565, 0.12256917982285706, 0.01177004155316981, 313.9052, -26.52053, 158.8338
1.5213695763122033, 0.1238807236005795, 0.014055080110113659, 314.6762, -26.60789, 158.8676
1.5221767708733323, 0.12585076087038502, 0.01475301008215519, 315.4536, -26.69381, 158.9033
1.5228212367531178, 0.12679719799161587, 0.015995479948826604, 316.2406, -26.78025, 158.9387
1.5227318612707297, 0.12586134264877707, 0.016401548436804837, 317.0373, -26.87072, 158.9755
1.5219059631315996, 0.12407742839728904, 0.016995378806141263, 317.8436, -26.96318, 159.0134
1.520903476532065, 0.12318855167530778, 0.01754413564502631, 318.6531, -27.05549, 159.0532
1.5195943285718896, 0.12177294408421116, 0.017454151273756414, 319.4779, -27.14548, 159.0967
1.5182988138778708, 0.1203562758111981, 0.01734041582122169, 320.3018, -27.23538, 159.1401
1.516368594828265, 0.11905063095248303, 0.01843721019541883, 321.1391, -27.32655, 159.1855
1.514404076642991, 0.11773038473899969, 0.01985458416968684, 321.9833, -27.4181, 159.2317
1.5125338254734833, 0.11746303797428041, 0.02037612095437612, 322.8344, -27.50858, 159.2816
1.5100109548886607, 0.11802422943876106, 0.02158406222773605, 323.6909, -27.59901, 159.3323
1.5071626801460458, 0.11700842487871274, 0.023008461714313564, 324.5567, -27.68936, 159.3854
1.504388486619902, 0.1161588557745157, 0.02454275008492775, 325.435, -27.78207, 159.4432
1.501611651369154, 0.11532779502870832, 0.026063267488122675, 326.3133, -27.8748, 159.501
1.4986302375581708, 0.11599685950259196, 0.026499843765454473, 327.199, -27.96791, 159.5617
1.4957298733788078, 0.1169787157923454, 0.027526636394801855, 328.0932, -28.06283, 159.6224
1.4927488656594854, 0.11811102670064777, 0.02683131247455044, 328.9883, -28.15786, 159.6885
1.489772684701686, 0.11913341009263673, 0.023934074090062606, 329.888, -28.25775, 159.7631
1.4871502908758207, 0.12026189381568618, 0.022259391311741976, 330.789, -28.35861, 159.8373
1.4848575699910047, 0.1206480915357748, 0.01984433616905997, 331.697, -28.45992, 159.9145
1.4831413191494784, 0.11897741728902499, 0.019393430506006438, 332.6065, -28.5625, 159.9925
1.4812905501582652, 0.11653026694936658, 0.01958506986383474, 333.518, -28.66639, 160.0736
1.4799592735707614, 0.11373264355138148, 0.019475236575277083, 334.4313, -28.77189, 160.1589
1.4789926606045476, 0.11435075627766084, 0.020983301596767846, 335.3462, -28.87348, 160.2423
1.4782579562741736, 0.11559648332539836, 0.022209900735941243, 336.2589, -28.97212, 160.3277
1.4775721989392148, 0.11572745525348223, 0.021934729670139156, 337.1754, -29.07108, 160.4126
1.4772229220197923, 0.11324943061682302, 0.0190766328557638, 338.0878, -29.17312, 160.5022
1.4768736200565997, 0.11099074919061873, 0.01618669251279713, 338.9981, -29.27516, 160.5872
1.4764894285927743, 0.11228057422813678, 0.014552797606772638, 339.9061, -29.37509, 160.6703
1.476428553065046, 0.11388855179055594, 0.014342354265227333, 340.8083, -29.47693, 160.7513
1.4761358698464029, 0.11407485644924628, 0.013956199074265725, 341.7122, -29.57782, 160.8345
1.4760219185244987, 0.11465535397895692, 0.012456275800745821, 342.6161, -29.6802, 160.9116
1.475938904884299, 0.11510883669293633, 0.012924922376424744, 343.5205, -29.78018, 160.9891
1.4755513429800526, 0.11478872527201903, 0.01246460053532436, 344.4236, -29.87756, 161.0668
1.4754170731603768, 0.1137918188037887, 0.013581410837798258, 345.3276, -29.97769, 161.1449
1.475002618152213, 0.1139611211306311, 0.012435784134323303, 346.2235, -30.07709, 161.2272
1.4749905224610453, 0.1174482416142775, 0.012364997621342086, 347.1167, -30.17753, 161.3076
1.4741527990644934, 0.11826963229479573, 0.01581095604528295, 348.0099, -30.27574, 161.3912
1.4731541889266402, 0.11537611761688675, 0.01846667883905126, 348.9065, -30.37548, 161.4741
1.4714114115950918, 0.1134288787525254, 0.020782811645496606, 349.8059, -30.47413, 161.5564
1.4689197846402129, 0.11707608348045469, 0.02494079320940751, 350.6977, -30.56953, 161.637
1.46642604438725, 0.12072625978953173, 0.029102252771087654, 351.5901, -30.66501, 161.7177
1.463948816204208, 0.1245205547133973, 0.03333042032166864, 352.4825, -30.76035, 161.7983
1.4608802166276966, 0.12329454869944569, 0.035246375140795955, 353.3785, -30.8605, 161.884
1.4577160754588068, 0.1242866394996359, 0.036608169956481855, 354.2731, -30.96097, 161.9694
1.4545857642845044, 0.12538579783573117, 0.03708877447550932, 355.17, -31.05569, 162.0527
1.4511632706257578, 0.12680133184085804, 0.03719478908621468, 356.0658, -31.14982, 162.144
1.4470291653692606, 0.12188869395763637, 0.03641072782841828, 356.966, -31.24424, 162.2399
1.442446046056158, 0.11817034340787384, 0.03376749020532075, 357.8634, -31.34268, 162.3464
1.4374419408144037, 0.11715300778962634, 0.03197740673149557, 358.7644, -31.43232, 162.4482
1.4324116765362962, 0.1161338806580916, 0.030184476637589306, 359.6666, -31.52203, 162.5502
1.42676475228419, 0.11507350921131973, 0.028349246694819696, 360.5743, -31.60985, 162.6543
1.4203430384962425, 0.11523648654395877, 0.026999350417493843, 361.4763, -31.69958, 162.7695
1.4129877043241128, 0.11630070904184518, 0.024958940042419758, 362.3757, -31.79176, 162.8963
1.4040716955470967, 0.11736617614081529, 0.02268428064445166, 363.2722, -31.88456, 163.0348
1.3951563328313215, 0.11843166599168987, 0.020409050258404424, 364.1687, -31.97736, 163.1733
1.385453202397292, 0.1189445835129449, 0.018633034815644784, 365.0628, -32.07264, 163.323
1.3758829697933497, 0.11885051985696747, 0.016907614254485837, 365.9547, -32.16864, 163.4848
1.3662403991167078, 0.11896169454746429, 0.014986315788892373, 366.8412, -32.26554, 163.6594
1.3570979935949712, 0.11850266744936089, 0.01282202324702341, 367.727, -32.36548, 163.8508
1.3485227661641386, 0.118212738414499, 0.011330033740456462, 368.6005, -32.46696, 164.049
1.3412873951948796, 0.1177278733907913, 0.009290804049417154, 369.4767, -32.56385, 164.2602
1.3351686715746853, 0.11789422936169963, 0.008002998437786221, 370.3486, -32.65824, 164.4754
1.3297943052796437, 0.11849199448301219, 0.006502408438073499, 371.22, -32.75253, 164.6956
1.3249854781719193, 0.11806883613059299, 0.005728116878165108, 372.0932, -32.84871, 164.9156
1.3201426549643052, 0.1181160720494073, 0.0045936714718651595, 372.9644, -32.94965, 165.1387
1.3155736094224324, 0.11791255052388981, 0.0044930603692007395, 373.8419, -33.04904, 165.362
1.3109207594052656, 0.1183631874878482, 0.004310915185108997, 374.7198, -33.14733, 165.5911
1.3065233178317777, 0.11815071101833742, 0.00391673356127211, 375.5998, -33.24711, 165.8267
1.301793184173533, 0.11661745424445653, 0.0036916981990536665, 376.4772, -33.34844, 166.0669
1.2970619048520526, 0.11486402800264953, 0.0023228942979165437, 377.3568, -33.45186, 166.3146
1.2922645431569584, 0.11255300202716323, 0.0027075471776318192, 378.2299, -33.55204, 166.5661
1.2875010247439767, 0.11051664496106345, 0.002546857545339187, 379.0956, -33.65147, 166.8284
1.2829454605531576, 0.10972776924060028, 0.0017532924959124494, 379.9484, -33.75068, 167.0928
1.2783733141129983, 0.10904136725265134, 0.0009236388844230781, 380.8018, -33.85006, 167.3575
1.2733448723031051, 0.11222553546155715, -0.0012235231894455164, 381.646, -33.94947, 167.6218
1.2685114476935422, 0.11501582910557656, -0.0038807411979561103, 382.4797, -34.05166, 167.8984
1.2640849617494, 0.11492260644143888, -0.005369499889835946, 383.3184, -34.15042, 168.1718
1.2605422111562745, 0.11002667065918456, -0.007564263774013785, 384.1565, -34.24855, 168.4494
1.257887947947372, 0.10623994504415885, -0.010987882547616843, 384.9855, -34.34893, 168.7309
1.255984535216426, 0.10645646991137891, -0.015611088596419024, 385.8082, -34.44909, 169.0139
1.2548492033428766, 0.11115495665349003, -0.017819800583952685, 386.6213, -34.54404, 169.2932
1.2537088287525797, 0.11589779706078462, -0.02003340882207536, 387.4349, -34.639, 169.5726
1.2530721608344308, 0.11562870246281122, -0.021900642550717282, 388.2465, -34.73778, 169.8564
1.2527831582786624, 0.11037900876425061, -0.02479024735100226, 389.0518, -34.83651, 170.1379
1.2524915303332094, 0.10509576875689544, -0.027698509631383317, 389.8585, -34.93537, 170.4198
1.2524528195180413, 0.102826108379675, -0.028915780528639412, 390.6508, -35.03121, 170.695
1.2528702098747506, 0.10268425899166463, -0.02832106703631083, 391.4405, -35.12143, 170.9678
1.253411783537986, 0.10392759346166508, -0.02805088343767728, 392.2273, -35.21056, 171.2375
1.2538021808492088, 0.10486620044633155, -0.0282360553951477, 393.0148, -35.29819, 171.5035
1.2546647587732662, 0.10230176141401354, -0.021884295306186602, 393.8158, -35.37808, 171.7624
1.2547071897458044, 0.10140923307661158, -0.020754479273359848, 394.6157, -35.45946, 172.0196
1.255375016102808, 0.1031535500047135, -0.021366976491844665, 395.4044, -35.54302, 172.2841
1.255530116681768, 0.10929588228563676, -0.01942587768942928, 396.1902, -35.62299, 172.539
1.2554733522062504, 0.11525500742858606, -0.017210226741414855, 396.9791, -35.70992, 172.7964
1.2563877924145124, 0.11204972677269975, -0.019518041500432664, 397.7804, -35.79994, 173.0637
1.2566492157602966, 0.10868334811447018, -0.019009720951014913, 398.5862, -35.89106, 173.3316
1.2569084713949894, 0.10882336980182507, -0.019742129043893428, 399.394, -35.98738, 173.6026
1.2569297756800784, 0.1102792026165691, -0.01986160041622191, 400.2054, -36.08162, 173.874
1.2566462960591973, 0.11422835444545347, -0.017780517470610317, 401.042, -36.17291, 174.146
1.256544386671741, 0.11549540428329029, -0.017192130447649306, 401.857, -36.26143, 174.4114
1.2565072314074952, 0.11375005481539124, -0.017153019507975403, 402.7259, -36.35992, 174.6994
1.2562529641453113, 0.11091427570965716, -0.01622838701793144, 403.54, -36.4565, 174.9704
1.2560433292741215, 0.11142956394449566, -0.013531753181305232, 404.3866, -36.55987, 175.2516
1.2555684040528503, 0.112990370314047, -0.009039517653672951, 405.2387, -36.65818, 175.5298
1.2550292568588104, 0.11414230163267369, -0.0050319752777202645, 406.0994, -36.76127, 175.8119
1.2540352755121378, 0.1121534772655197, -0.002472736874045311, 406.9522, -36.86062, 176.092
1.2528251922825675, 0.11353446517636871, 0.0037088737950130763, 407.8104, -36.9606, 176.3696
1.2516581036048473, 0.11302208371390667, 0.007811203650087397, 408.6653, -37.05716, 176.6545
1.2512137076563035, 0.10956418499583413, 0.005692023046770151, 409.5217, -37.14867, 176.9473
1.2508371018649733, 0.10206200272518894, 0.0027396079641077947, 410.3808, -37.23727, 177.2463
1.2499474983626728, 0.10021577544397536, 0.0037616447306075993, 411.2375, -37.3234, 177.5323
1.2494527334602334, 0.09995708628880855, 0.003893156095074773, 412.0933, -37.40675, 177.816
1.2491162598850827, 0.10385459355695896, 0.004513083049370721, 412.9441, -37.49169, 178.0918
1.2482400932889064, 0.10592789375777742, 0.005904312773472601, 413.8009, -37.5727, 178.3624
1.2474800571461502, 0.10491396645872185, 0.007858211762764458, 414.6582, -37.66188, 178.6362
1.2469087302226742, 0.1019872122459377, 0.009627849098657085, 415.5021, -37.74912, 178.9073
1.246742443884405, 0.1006431205804958, 0.0091807764440982, 416.3431, -37.83262, 179.1783
1.246980395335637, 0.10085770823470531, 0.007728442619895181, 417.1677, -37.91664, 179.4502
1.2472615800724456, 0.10109692825439652, 0.007194950527274929, 417.987, -38.00097, 179.722
1.247852822241544, 0.09891065785288333, 0.008792863910361376, 418.7969, -38.08222, 179.9864
1.2488274495759701, 0.09627829686122473, 0.00957983824760163, 419.6091, -38.15827, 180.2456
1.2498699820510997, 0.0942963847389389, 0.009304711744517483, 420.4007, -38.23307, 180.499
1.251136626421752, 0.09426738759104995, 0.010392247189526629, 421.1854, -38.30596, 180.7477
1.2524323630977154, 0.09659093049814557, 0.01232457920236037, 421.9594, -38.37484, 180.9889
1.2538692828259586, 0.10125041910674606, 0.011722253155838108, 422.7235, -38.44427, 181.2296
1.2552302640137727, 0.10599305892210231, 0.010424038205199724, 423.4737, -38.52223, 181.472
1.256602751793511, 0.11083781107675607, 0.009086285189647035, 424.2251, -38.60018, 181.7147
1.2575706026810634, 0.11158482173128181, 0.009319796137010325, 424.9706, -38.6818, 181.9531
1.2590718796643139, 0.10693529329692708, 0.008471436477218177, 425.7139, -38.76538, 182.1916
1.260187423987112, 0.10176124694013043, 0.008260323253065915, 426.4553, -38.84576, 182.4274
1.2610112894168737, 0.10080494282558086, 0.010051190692647607, 427.1913, -38.9186, 182.6547
1.2617497166370337, 0.10185814748064449, 0.011841109619508464, 427.9167, -38.9893, 182.8782
1.2619786198895218, 0.10419895874992041, 0.011924659086613734, 428.639, -39.06082, 183.1044
1.2621494683094745, 0.10541996230733844, 0.012061501029607149, 429.3649, -39.13224, 183.3307
1.2622488910117915, 0.10599377034157856, 0.013887935877471714, 430.0878, -39.20176, 183.5566
1.26214808729411, 0.10734213248430519, 0.015067702606591045, 430.8055, -39.26661, 183.7827
1.2623199668510987, 0.1076212396907349, 0.015508554994109119, 431.5424, -39.32909, 184.0151
1.2620856877067748, 0.11014146922023148, 0.014605266584238587, 432.2521, -39.38552, 184.2421
1.262052668274954, 0.11008159458717771, 0.015488909545331409, 432.9778, -39.44566, 184.4755
1.261579653994303, 0.10864149767784445, 0.01530585369841032, 433.7097, -39.51541, 184.7061
1.2606318208423863, 0.10719096098322058, 0.016358556476585517, 434.4438, -39.58607, 184.9369
1.2591076565752846, 0.10529838891292334, 0.016505697696629414, 435.1772, -39.6556, 185.1676
1.2574366873380913, 0.10346209360047734, 0.01707531556375611, 435.8944, -39.72678, 185.3968
1.255696972857417, 0.10212503580409109, 0.01695572267911255, 436.5933, -39.80189, 185.6247
1.2535866742783583, 0.102619324168227, 0.015318945662785103, 437.295, -39.87998, 185.8583
1.251521209247729, 0.10364768860993342, 0.01380102139872004, 437.987, -39.96184, 186.0948
1.2493451957584656, 0.10444369226435614, 0.013389180255662339, 438.6578, -40.03698, 186.322
1.2473181221214082, 0.10397876613162321, 0.012138064524063167, 439.3183, -40.11521, 186.5498
1.2459162170230833, 0.10246450898418122, 0.010796416113615415, 439.9765, -40.19335, 186.7754
1.2446726940156787, 0.10061810070940076, 0.00950134504896339, 440.6294, -40.26688, 186.999
1.2434718424393398, 0.10054653368489207, 0.009203465869487247, 441.2583, -40.33301, 187.2107
1.2422672805525334, 0.1004754794847676, 0.00891077481555717, 441.8895, -40.3994, 187.4232
1.2411508230333095, 0.10049467437637911, 0.009306664625104924, 442.5242, -40.4691, 187.6386
1.2398832581652839, 0.10026149981570429, 0.009913480144579335, 443.1116, -40.5317, 187.8378
1.2386493132349197, 0.10007715650954128, 0.011333861475075955, 443.7097, -40.58993, 188.0413
1.2373926146282632, 0.10037687995548925, 0.011027651192595751, 444.3114, -40.65105, 188.2466
1.2362013561207188, 0.1006334774810428, 0.010112986370601481, 444.871, -40.71269, 188.4403
1.2350218125060126, 0.10068644924680796, 0.0093672541564232, 445.4493, -40.77681, 188.6415
1.2339499829402478, 0.10076966922243431, 0.009164752589637752, 445.9827, -40.83615, 188.8272
1.2329577688662987, 0.10084032299795893, 0.008987798442752309, 446.5258, -40.89361, 189.0156
1.2321333350921673, 0.09998068184453361, 0.007776667771690791, 447.0563, -40.94722, 189.2012
1.2314153519059126, 0.09862071735323176, 0.006545798735082432, 447.5777, -41.00285, 189.3847
1.23059088306323, 0.09750226102362006, 0.0059380705079947515, 448.0907, -41.0568, 189.5643
1.229904010113992, 0.09741424774896239, 0.0069153090457429785, 448.5905, -41.11097, 189.7399
1.229238313018256, 0.0987902638814865, 0.007411752246865432, 449.0822, -41.16507, 189.9127
1.2286563395846304, 0.10163096972922168, 0.006092408548695274, 449.5511, -41.22241, 190.0814
1.2279388218852767, 0.10428371823502669, 0.004626444295508186, 450.015, -41.2784, 190.2493
1.22691074591112, 0.10630119691141486, 0.004390391541124331, 450.4737, -41.33399, 190.415
1.2262177075023117, 0.10755535507282885, 0.006124338890561742, 450.9162, -41.38482, 190.5699
1.2257087189787121, 0.10777422280435413, 0.007213433503338206, 451.3527, -41.43116, 190.7215
1.2264015806910307, 0.10609463244094791, 0.0070199189249462585, 451.7763, -41.47778, 190.8714
1.2275018418089494, 0.10424601347536175, 0.005409732310219359, 452.1892, -41.5232, 191.0192
1.228861678287932, 0.10327660526954764, 0.0051988616905167566, 452.5961, -41.57027, 191.1612
1.2302075061439728, 0.10264033080137824, 0.005334355597370822, 452.9753, -41.61612, 191.2926
1.2314626663278707, 0.10228466924730506, 0.005793800142345311, 453.3477, -41.66274, 191.4237
1.232425948277633, 0.10178054324594604, 0.005453295827769616, 453.7102, -41.70389, 191.5502
1.2334817273131466, 0.10100606598200405, 0.005943999344551188, 454.0561, -41.74707, 191.6725
1.2345369030965387, 0.10023033918595264, 0.006432947547071979, 454.4021, -41.79023, 191.7949
1.2356447348439632, 0.09957955667773176, 0.0070622687943856545, 454.7312, -41.8346, 191.9114
1.236765867971293, 0.09906514419115699, 0.006384864265149573, 455.0471, -41.87896, 192.029
1.2377359787190771, 0.09866695921756008, 0.0047808418349150755, 455.3537, -41.9151, 192.1421
1.2387040394312308, 0.09841557911605661, 0.0036853293971284527, 455.6532, -41.94952, 192.2468
1.2399850273040245, 0.09854018806835851, 0.004197925377585137, 455.9458, -41.97617, 192.3442
1.2410732043204324, 0.09950330560852148, 0.005286524270639446, 456.2262, -42.00704, 192.4409
1.2417423353279669, 0.10099651702944204, 0.006019677689802063, 456.5053, -42.03355, 192.5337
1.2421070144185213, 0.10148783113602908, 0.006171550019487564, 456.7802, -42.06007, 192.6304
1.2418337786720837, 0.10082765735037023, 0.005525927667624216, 457.0499, -42.08984, 192.7285
1.2414559255937794, 0.10019416354947243, 0.004835851836529914, 457.3193, -42.1196, 192.8262
1.2403398946884294, 0.09975138051811605, 0.003843653796251162, 457.5849, -42.14874, 192.9215
1.2389418464829507, 0.09938740887745305, 0.002506381540267745, 457.8478, -42.17833, 193.0158
1.2369008290174601, 0.09931285613441444, 0.0010892474919046977, 458.1099, -42.20107, 193.1115
1.233881782179444, 0.09942455867040778, 0.0007193568078683212, 458.3727, -42.22298, 193.2069
1.229324236909994, 0.09967525956116664, 0.0009147637332826561, 458.6339, -42.24587, 193.3069
1.223205205482813, 0.09968733937594385, 0.001056186893998328, 458.8966, -42.27315, 193.4109
1.2151558204934778, 0.1003652260874521, -4.368547274539369e-05, 459.1567, -42.30207, 193.522
1.2048201159137806, 0.10096556777504494, -0.0020444663129634342, 459.4284, -42.32982, 193.6404
1.1935624964129177, 0.101874230609947, -0.003358124451425815, 459.6977, -42.35796, 193.7601
1.18084834334988, 0.10240218275011297, -0.003489798855222837, 459.9699, -42.38822, 193.8837
1.1652180604801063, 0.10237916662194503, -0.005554259934780078, 460.2494, -42.41641, 194.0183
1.1475497446666234, 0.10331279613121536, -0.008912444369526464, 460.5317, -42.44519, 194.1659
1.1280508741403799, 0.10410706183140338, -0.012891956739714959, 460.8164, -42.46997, 194.3198
1.1072217545226204, 0.10590958796613595, -0.014390567670411374, 461.0905, -42.49464, 194.4719
1.0858895399890436, 0.10831900248105546, -0.016444144084354434, 461.3703, -42.52156, 194.6318
1.0638219977905705, 0.10954929319301211, -0.017969250133446295, 461.6462, -42.55214, 194.7973
1.04118406804655, 0.11017586906894847, -0.024104967012892005, 461.9028, -42.58029, 194.967
1.0242841236040314, 0.11299037327023637, -0.02896609229848596, 462.1586, -42.6007, 195.1399
1.0182664668843895, 0.11481207961727088, -0.03629696806219313, 462.4096, -42.6202, 195.3093
1.0189871791543605, 0.11531259140522966, -0.03878617642793688, 462.6558, -42.6418, 195.4678
1.0241650382364027, 0.11582933847782256, -0.039858706463566825, 462.8996, -42.66193, 195.6128
1.035094167272557, 0.11629064230077713, -0.03926378431121375, 463.1354, -42.68335, 195.7438
1.050527937308519, 0.11710487860736693, -0.03587424412108143, 463.3755, -42.69452, 195.8647
1.0672432464209516, 0.11794387351035446, -0.03132650480306234, 463.5862, -42.70011, 195.962
1.0882730276126862, 0.11852804045161655, -0.025930501130794387, 463.8526, -42.71946, 196.0754
1.110903958271364, 0.11876692820282347, -0.022764096912614547, 464.1011, -42.73706, 196.1766
1.134000121120307, 0.11905194112485333, -0.02094134071422417, 464.3543, -42.75047, 196.2736
1.1569577080578937, 0.11880943016275065, -0.01986164435170767, 464.6036, -42.76345, 196.3641
1.1789321122023344, 0.11813721026780509, -0.01767516308548922, 464.8704, -42.78446, 196.4577
1.1991203269934712, 0.1182214962920874, -0.0127800817891764, 465.1394, -42.8119, 196.5508
1.217117937641334, 0.11829722898312622, -0.006981279484029139, 465.4025, -42.83862, 196.6346
1.2335240621630865, 0.1182022677106558, -0.0032252820389211813, 465.6751, -42.87317, 196.7174
1.2481446670826244, 0.1177886865024349, -0.0030876678357142874, 465.9486, -42.90391, 196.7998
1.2585816083042558, 0.11587091556427966, -0.0017555317355443197, 466.2106, -42.93432, 196.8705
1.2685204448654384, 0.11279514012605325, 9.052879307562078e-05, 466.4742, -42.97107, 196.9409
1.275215158711919, 0.11185672169327704, 0.0015911788059978758, 466.714, -43.00329, 197.0063
1.277412823800363, 0.11225833858420195, 0.0028631044895707754, 466.9526, -43.03319, 197.0727
1.2744883182445144, 0.11284967892828116, 0.0029380777583985465, 467.1914, -43.05471, 197.1423
1.2676646400203133, 0.11244663045455343, 0.0041297280716067015, 467.4097, -43.07618, 197.209
1.2574635185507708, 0.11168202708455087, 0.0056641007790612565, 467.6176, -43.09856, 197.2758
1.2443749456745998, 0.1107531902793043, 0.0036681224449698143, 467.8226, -43.12385, 197.3493
1.2296436089005272, 0.11145632751321281, -0.0024648133542992915, 468.0046, -43.15132, 197.427
1.2151581918412298, 0.11248597540966272, -0.007784983144237141, 468.1669, -43.18329, 197.4971
1.1999248573335337, 0.11145995304825414, -0.0116635989756209, 468.3295, -43.20345, 197.5723
1.1840114966091562, 0.1089264788873287, -0.013809632059299602, 468.491, -43.22371, 197.6433
1.1680443566950822, 0.11013854174994106, -0.008540483274218252, 468.6283, -43.24139, 197.6916
1.1522766140101552, 0.11125780057291296, -0.0033061253240047298, 468.7634, -43.2591, 197.7388
1.1349485169242692, 0.11695877789549798, 0.0006420755006038265, 468.8842, -43.27329, 197.7883
1.117705349303626, 0.11909564653563728, -0.002510821197700813, 468.9924, -43.28474, 197.8525
1.1019840258194251, 0.11736797876574648, -0.011482478088958832, 469.0948, -43.29185, 197.9181
1.0858482429924932, 0.11480312540976251, -0.01811681159498144, 469.204, -43.29579, 197.9843
1.0715397829998186, 0.11315110010856057, -0.02088215659820776, 469.2991, -43.29833, 198.0352
1.0579613165381716, 0.11217763047479305, -0.021427599997382016, 469.3867, -43.30684, 198.0824
1.0441649283310461, 0.11154215739074896, -0.022397720275487806, 469.473, -43.31315, 198.1348
1.0312104376816822, 0.11124461255597802, -0.023280254426016698, 469.5559, -43.31632, 198.181
1.0190384820141318, 0.1101991122194548, -0.023277164833679836, 469.6341, -43.31351, 198.2243
1.0081211973612312, 0.10838901256614414, -0.022914223727284938, 469.7087, -43.32229, 198.2622
0.9992423467262992, 0.10771085660273379, -0.025531127747708094, 469.7717, -43.3356, 198.3029
0.9899476062574433, 0.10846214637752502, -0.03268646409900419, 469.8181, -43.34418, 198.3492
0.9784032963306695, 0.11050718570059213, -0.04275893777345595, 469.8578, -43.34935, 198.4001
0.9707776642317227, 0.11204761366894556, -0.049261626325149625, 469.8944, -43.35196, 198.4424
0.9649701068595178, 0.11099749523786152, -0.04929770003375519, 469.9367, -43.35745, 198.4781
0.9576748736094418, 0.10811792355146592, -0.04472493758109732, 469.9846, -43.36013, 198.5051
0.9520522535995041, 0.10545777425900438, -0.04020898945200944, 470.0301, -43.36564, 198.5343
0.9475304952301883, 0.10379407643671228, -0.03984801379378398, 470.0664, -43.37479, 198.5661
0.9409266598265846, 0.10298334520012183, -0.0441888147061838, 470.0932, -43.3869, 198.6001
0.9350848353102422, 0.10304366226461391, -0.04966430617629584, 470.1173, -43.3898, 198.6341
0.9310735024791755, 0.10359349142171992, -0.053646242722722226, 470.1424, -43.39187, 198.6644
