0.0, 0.0, 0.0, 0.0, 0.0, 0.0
0.00014492403715848923, -0.0015112312976270914, 0.0003280580567661673, 0.0003355758963152766, -0.02405371144413948, 1.137699007987976
0.00018026400357484818, -0.0016831695102155209, 0.0016008124221116304, 0.0010784731712192297, -0.04824470356106758, 2.2705187797546387
0.00020028674043715, -0.00028996740002185106, 0.003106237854808569, 0.002102819737046957, -0.07193420082330704, 3.40055251121521
0.0003251370508223772, 0.00018894055392593145, 0.003781152656301856, 0.0016470340779051185, -0.09662510454654694, 4.545392036437988
0.0003378328401595354, -0.0004924895474687219, 0.0040449462831020355, -0.0006606137612834573, -0.12301158905029297, 5.69744873046875
0.0002322150394320488, -0.0016090316930785775, 0.004744965583086014, -0.003110828809440136, -0.1506025344133377, 6.860054016113281
4.1683902963995934e-05, -0.002151657361537218, 0.004716644063591957, -0.007251768838614225, -0.17739146947860718, 8.028221130371094
-0.0003324352437630296, -0.0005952379433438182, 0.003906339406967163, -0.01532096229493618, -0.2033449411392212, 9.206183433532715
-0.000814315746538341, 0.0019122733501717448, 0.001617424190044403, -0.028141014277935028, -0.22993312776088715, 10.383301734924316
-0.0012340354733169079, 0.0027594752609729767, -0.0011314449366182089, -0.042677804827690125, -0.2585941553115845, 11.572565078735352
-0.001594984671100974, 0.0024860647972673178, -0.0026069083251059055, -0.05507728084921837, -0.2897419333457947, 12.767391204833984
-0.001949499361217022, 0.0016542465891689062, -0.002804358722642064, -0.0643732100725174, -0.3209625482559204, 13.965106964111328
-0.0022789775393903255, -0.000857348321005702, -0.0006769930478185415, -0.06896458566188812, -0.3495030105113983, 15.170175552368164
-0.002692494308575988, -0.0027623758651316166, 0.0035756027791649103, -0.06799184530973434, -0.37378737330436707, 16.37682342529297
-0.0035171969793736935, -0.000618775375187397, 0.007412721868604422, -0.06704650819301605, -0.39623111486434937, 17.572792053222656
-0.004280350171029568, 0.0020651675295084715, 0.010263563133776188, -0.06854557991027832, -0.41785159707069397, 18.770366668701172
-0.004768704064190388, 0.0036053224466741085, 0.010674922727048397, -0.07467763125896454, -0.4436643123626709, 19.969079971313477
-0.0047738319262862206, 0.0016806989442557096, 0.009690635837614536, -0.08324069529771805, -0.4725455641746521, 21.179195404052734
-0.0047638933174312115, -0.0024319684598594904, 0.010400052182376385, -0.09120489656925201, -0.5002095699310303, 22.382762908935547
-0.005000042263418436, -0.00534035824239254, 0.01345077808946371, -0.0949091985821724, -0.5216206312179565, 23.585182189941406
-0.0055439891293644905, -0.0041107600554823875, 0.01947828382253647, -0.09406673908233643, -0.5392723083496094, 24.78167724609375
-0.005939812399446964, -0.0014075846411287785, 0.0218074731528759, -0.09752369672060013, -0.5555551648139954, 25.979280471801758
-0.0059297033585608006, 0.0005835683550685644, 0.022590305656194687, -0.10489623248577118, -0.5781508684158325, 27.16827964782715
-0.005670950748026371, 0.0012126278597861528, 0.020797912031412125, -0.11541183292865753, -0.6080604791641235, 28.37259864807129
-0.005174474790692329, 0.002652800641953945, 0.018907267600297928, -0.12575437128543854, -0.6418172121047974, 29.568143844604492
-0.004548610188066959, 0.0026245126500725746, 0.017956668511033058, -0.1330227106809616, -0.6750609278678894, 30.781644821166992
-0.004009208641946316, 0.0013871164992451668, 0.017254017293453217, -0.13918842375278473, -0.707109808921814, 31.99823760986328
-0.0038217157125473022, 9.345123544335365e-05, 0.01654663309454918, -0.1467147171497345, -0.7355925440788269, 33.22435760498047
-0.003679360030218959, -0.0003737818915396929, 0.014982059597969055, -0.15637630224227905, -0.7626674175262451, 34.44287872314453
-0.003589029423892498, -7.079856004565954e-06, 0.013148737139999866, -0.16721898317337036, -0.7873796224594116, 35.66794967651367
-0.0035513059701770544, -1.3036478776484728e-05, 0.010926969349384308, -0.17892490327358246, -0.8122552633285522, 36.89520263671875
-0.0036129083018749952, -0.00012009503552690148, 0.009976872242987156, -0.1899924874305725, -0.8377958536148071, 38.1261100769043
-0.0037071751430630684, 9.288953151553869e-05, 0.00961324106901884, -0.19697704911231995, -0.8656108975410461, 39.35653305053711
-0.0039516715332865715, 0.0005851127789355814, 0.009173223748803139, -0.20357762277126312, -0.894420862197876, 40.587772369384766
-0.0042586252093315125, 0.0006235874025151134, 0.009026805870234966, -0.21003520488739014, -0.9233553409576416, 41.81929016113281
-0.004447818733751774, -9.001139551401138e-05, 0.008009296841919422, -0.2171228975057602, -0.9531969428062439, 43.056793212890625
-0.004691789858043194, 0.00024940265575423837, 0.00687651801854372, -0.2240413874387741, -0.9832171201705933, 44.29328536987305
-0.004857419990003109, 0.0004394276184029877, 0.005407433025538921, -0.2324860692024231, -1.0120174884796143, 45.52815246582031
-0.004926699213683605, -7.824675412848592e-05, 0.0038372904527932405, -0.2407551407814026, -1.039931297302246, 46.762306213378906
-0.00485960440710187, -0.0007799557060934603, 0.0038437002804130316, -0.24592477083206177, -1.0661611557006836, 48.004085540771484
-0.005091353319585323, -0.0009036041446961462, 0.005040459334850311, -0.2490614354610443, -1.0933977365493774, 49.24131774902344
-0.005339676979929209, -8.405715925619006e-05, 0.007721231784671545, -0.24974608421325684, -1.1193102598190308, 50.474708557128906
-0.005429812241345644, -0.0006745901773683727, 0.010098381899297237, -0.2496892213821411, -1.1450371742248535, 51.71479797363281
-0.005233484320342541, -0.0018781963735818863, 0.011715995147824287, -0.25071191787719727, -1.172621488571167, 52.956207275390625
-0.004566832911223173, -0.0021944036707282066, 0.012085401453077793, -0.25429731607437134, -1.2013533115386963, 54.19685363769531
-0.0035158784594386816, -0.0012884234311059117, 0.01321641355752945, -0.25467565655708313, -1.2297395467758179, 55.434898376464844
-0.002680499106645584, -8.967763278633356e-05, 0.014420079998672009, -0.254057914018631, -1.2574996948242188, 56.67599868774414
-0.001960210967808962, 0.000421572127379477, 0.014359147287905216, -0.2554696500301361, -1.287742257118225, 57.912742614746094
-0.0011258604936301708, 0.00046121864579617977, 0.013117754831910133, -0.2591499984264374, -1.3202298879623413, 59.14817428588867
-0.00021233106963336468, -0.0004423673963174224, 0.010081746615469456, -0.2654080390930176, -1.351422905921936, 60.3864860534668
0.0009699328802525997, -0.0013244490837678313, 0.0061410944908857346, -0.2745930254459381, -1.3794552087783813, 61.6312255859375
0.002254137070849538, -0.0014354035956785083, 0.002115316689014435, -0.28243041038513184, -1.404044508934021, 62.880828857421875
0.003568871645256877, -0.0007328975480049849, -0.002262089867144823, -0.2880658805370331, -1.4274933338165283, 64.13125610351562
0.00490475632250309, 0.00011899229139089584, -0.005918257869780064, -0.29095250368118286, -1.451059103012085, 65.39256286621094
0.006008857395499945, 0.0005099817644804716, -0.008506560698151588, -0.2906283140182495, -1.4768376350402832, 66.6587905883789
0.006912669166922569, 0.0003530301619321108, -0.009527348913252354, -0.28620389103889465, -1.5049446821212769, 67.92709350585938
0.007756679318845272, 0.0009360678377561271, -0.009974216111004353, -0.2800423800945282, -1.535395860671997, 69.19303131103516
0.008629747666418552, 0.0023767389357089996, -0.010066644288599491, -0.2717495560646057, -1.566953182220459, 70.46363830566406
0.009461265057325363, 0.0027865758165717125, -0.010371691547334194, -0.26208096742630005, -1.5983126163482666, 71.73017883300781
0.010228170081973076, 0.002556455321609974, -0.010740929283201694, -0.25145456194877625, -1.6311086416244507, 72.99378204345703
0.010921293869614601, 0.0030656890012323856, -0.010637886822223663, -0.23842482268810272, -1.6647592782974243, 74.26155090332031
0.011515478603541851, 0.003022183431312442, -0.01101868785917759, -0.2254629135131836, -1.6981350183486938, 75.53099822998047
0.011848310939967632, 0.0022034146822988987, -0.011318555101752281, -0.21218043565750122, -1.7287170886993408, 76.79273223876953
0.011589163914322853, 0.0013444668147712946, -0.010252991691231728, -0.19715365767478943, -1.7576321363449097, 78.0450668334961
0.01090307254344225, 0.0006637836340814829, -0.008528039790689945, -0.18291407823562622, -1.7859399318695068, 79.29588317871094
0.010137871839106083, 0.0007106942357495427, -0.007110142149031162, -0.16940005123615265, -1.8127323389053345, 80.53290557861328
0.009556535631418228, 0.001572860637679696, -0.00597259309142828, -0.15713314712047577, -1.839002013206482, 81.76322937011719
0.008939939551055431, 0.002336581237614155, -0.004847168922424316, -0.14545978605747223, -1.8658685684204102, 82.99158477783203
0.008772538043558598, 0.002683214610442519, -0.004927474539726973, -0.1333339661359787, -1.8959438800811768, 84.23229217529297
0.008983158506453037, 0.002695005852729082, -0.004934778902679682, -0.11688999831676483, -1.927813172340393, 85.47903442382812
0.009359577670693398, 0.002766549587249756, -0.005343330092728138, -0.09929578751325607, -1.9586081504821777, 86.73761749267578
0.009822544641792774, 0.0022304097656160593, -0.005800378043204546, -0.08184674382209778, -1.986926794052124, 88.00467681884766
0.010347707197070122, 0.0003576008602976799, -0.005915711633861065, -0.061662763357162476, -2.0126895904541016, 89.27497100830078
0.010784603655338287, -0.0015747956931591034, -0.006121984217315912, -0.041020430624485016, -2.034026861190796, 90.5340805053711
0.010889485478401184, -0.0009060734882950783, -0.004416122101247311, -0.020387127995491028, -2.053694009780884, 91.77972412109375
0.0106632299721241, 0.0018275452312082052, -0.0035516838543117046, -0.0021216925233602524, -2.07387638092041, 93.01132202148438
0.010536739602684975, 0.003397683147341013, -0.0028042730409651995, 0.015440812334418297, -2.0964276790618896, 94.23699188232422
0.010621704161167145, 0.0016815830022096634, -0.0009992162231355906, 0.0343460775911808, -2.123427629470825, 95.46732330322266
0.010853340849280357, -0.0012388373725116253, 0.0016123272944241762, 0.053914230316877365, -2.1510486602783203, 96.6941909790039
0.011390023864805698, -0.0023665199987590313, 0.0036068616900593042, 0.07505570352077484, -2.174668073654175, 97.9231185913086
0.012035004794597626, -0.0009929798543453217, 0.004808856174349785, 0.09682627022266388, -2.194056749343872, 99.15672302246094
0.012663205154240131, 0.0011707940138876438, 0.00365152838639915, 0.11536905914545059, -2.2121729850769043, 100.39025115966797
0.01325176376849413, 0.00270485645160079, 0.0021208631806075573, 0.13235338032245636, -2.2337090969085693, 101.62435150146484
0.013625714927911758, 0.0022645185235887766, 8.529797196388245e-05, 0.1487189531326294, -2.258317232131958, 102.87003326416016
0.013937216252088547, 0.00011328654363751411, -0.0010307352058589458, 0.16299264132976532, -2.282768487930298, 104.12955474853516
0.014129732735455036, -0.0018948710057884455, -0.0018103698967024684, 0.17681634426116943, -2.301654100418091, 105.38494873046875
0.014101204462349415, -0.0023573010694235563, -0.002253921004012227, 0.18988198041915894, -2.3145601749420166, 106.63793182373047
0.014043129980564117, -0.001609759172424674, -0.0033727632835507393, 0.19982071220874786, -2.32523775100708, 107.88442993164062
0.014225441962480545, -0.0008777134353294969, -0.0048531703650951385, 0.20900538563728333, -2.3395822048187256, 109.1355972290039
0.014629339799284935, -0.00013744120951741934, -0.007324628531932831, 0.2175387591123581, -2.3583664894104004, 110.38843536376953
0.015264607034623623, 0.0013790238881483674, -0.009317387826740742, 0.2268678992986679, -2.382402181625366, 111.6414794921875
0.01596161723136902, 0.0027150732930749655, -0.0110971350222826, 0.2381557673215866, -2.408674478530884, 112.89581298828125
0.016890862956643105, 0.003463591216132045, -0.01172558218240738, 0.25546449422836304, -2.4373676776885986, 114.15959167480469
0.01785442605614662, 0.0028365962207317352, -0.011682288721203804, 0.2759309709072113, -2.466559648513794, 115.42143249511719
0.018746385350823402, 0.0018867795588448644, -0.010876720771193504, 0.2991708815097809, -2.495586395263672, 116.67224884033203
0.019654428586363792, 0.0022921699564903975, -0.010587383061647415, 0.3228088617324829, -2.52374267578125, 117.91535186767578
0.02045881375670433, 0.003362261690199375, -0.009365980513393879, 0.3498852252960205, -2.550492763519287, 119.15254974365234
0.02116159163415432, 0.003636687994003296, -0.00829687062650919, 0.37641409039497375, -2.5775797367095947, 120.38501739501953
0.021732106804847717, 0.004103183746337891, -0.006834620609879494, 0.40295419096946716, -2.607400417327881, 121.61241149902344
0.021906085312366486, 0.004737872164696455, -0.004676554352045059, 0.4302462339401245, -2.639362335205078, 122.8428726196289
0.02173045091331005, 0.004314933903515339, -0.0020130432676523924, 0.45764562487602234, -2.6717584133148193, 124.07679748535156
0.021364081650972366, 0.004408049397170544, 0.00010280869901180267, 0.48313674330711365, -2.7042274475097656, 125.31524658203125
0.020912930369377136, 0.00522399228066206, 0.0016468907706439495, 0.5057389736175537, -2.736745834350586, 126.55635070800781
0.0204816572368145, 0.006474689114838839, 0.0026630517095327377, 0.5261189937591553, -2.769973039627075, 127.80351257324219
0.02027602680027485, 0.0077782683074474335, 0.002198867266997695, 0.5439748764038086, -2.8041512966156006, 129.05355834960938
0.02033044770359993, 0.01068536750972271, 0.0025125418324023485, 0.5630311965942383, -2.842243194580078, 130.3105010986328
0.020321931689977646, 0.012385707348585129, 0.005543301813304424, 0.5874110460281372, -2.881241798400879, 131.56907653808594
0.020125072449445724, 0.010436036624014378, 0.011512553319334984, 0.617843747138977, -2.9210450649261475, 132.82791137695312
0.019603213295340538, 0.0086344163864851, 0.017093602567911148, 0.6484217047691345, -2.9591727256774902, 134.08462524414062
0.01864112913608551, 0.011172009631991386, 0.020726701244711876, 0.6751288771629333, -2.9965217113494873, 135.33888244628906
0.01780034601688385, 0.014049181714653969, 0.022146841511130333, 0.6960307955741882, -3.030139446258545, 136.59164428710938
0.017362410202622414, 0.015062056481838226, 0.020455824211239815, 0.7114356160163879, -3.066124200820923, 137.83978271484375
0.01716567575931549, 0.01457783579826355, 0.01977934129536152, 0.7274065613746643, -3.1044676303863525, 139.08966064453125
0.017120234668254852, 0.010737275704741478, 0.021219104528427124, 0.7462127208709717, -3.1424167156219482, 140.34544372558594
0.017261462286114693, 0.006659948267042637, 0.025307152420282364, 0.7718902230262756, -3.1705493927001953, 141.5935821533203
0.017023639753460884, 0.004921628162264824, 0.029641300439834595, 0.7993009090423584, -3.1917483806610107, 142.83340454101562
0.016525864601135254, 0.004711993504315615, 0.03266293182969093, 0.8246574997901917, -3.207871913909912, 144.0677490234375
0.016447320580482483, 0.0032561090774834156, 0.03293025493621826, 0.8457255363464355, -3.2242484092712402, 145.31448364257812
0.016606388613581657, 0.003066565375775099, 0.030062014237046242, 0.8612861037254333, -3.2466611862182617, 146.57093811035156
0.016827218234539032, 0.004952363669872284, 0.02705850452184677, 0.875563383102417, -3.271841287612915, 147.82859802246094
0.017083877697587013, 0.005594586953520775, 0.02400226891040802, 0.8902936577796936, -3.29975962638855, 149.09425354003906
0.017057588323950768, 0.00432392954826355, 0.021341392770409584, 0.9059896469116211, -3.3300373554229736, 150.3734130859375
0.016627661883831024, 0.0046226587146520615, 0.018796514719724655, 0.9192248582839966, -3.36116886138916, 151.63816833496094
0.015719672664999962, 0.007565701380372047, 0.01619362086057663, 0.9288131594657898, -3.390707492828369, 152.88711547851562
0.014448648318648338, 0.01082373596727848, 0.012388322502374649, 0.9319832921028137, -3.418976306915283, 154.12802124023438
0.013192120008170605, 0.012548848986625671, 0.007063108962029219, 0.9290435910224915, -3.4498298168182373, 155.36769104003906
0.012457692995667458, 0.011327426880598068, 0.002337775193154812, 0.9247893691062927, -3.4837684631347656, 156.6073455810547
0.012187547981739044, 0.008866935968399048, -0.001072022831067443, 0.9231954216957092, -3.516669511795044, 157.8540496826172
0.01200791448354721, 0.0066537936218082905, -0.0023746774531900883, 0.9264013171195984, -3.5430829524993896, 159.09979248046875
0.01156438235193491, 0.006130296736955643, -0.0019433507695794106, 0.9339872598648071, -3.5635271072387695, 160.34437561035156
0.010648454539477825, 0.007584878243505955, -0.002891067648306489, 0.938776433467865, -3.581901788711548, 161.5862274169922
0.0091790072619915, 0.01227155327796936, -0.003945846110582352, 0.9393824934959412, -3.6060433387756348, 162.82308959960938
0.007551292888820171, 0.01777377910912037, -0.006756486836820841, 0.9307265281677246, -3.6369266510009766, 164.05096435546875
0.006367014721035957, 0.018600335344672203, -0.01119191199541092, 0.9151445627212524, -3.6752474308013916, 165.29881286621094
0.005620533134788275, 0.017125625163316727, -0.015217360109090805, 0.8978766798973083, -3.7171058654785156, 166.55580139160156
0.005334109999239445, 0.014745297841727734, -0.017732981592416763, 0.8841102123260498, -3.7540102005004883, 167.82278442382812
0.0052359262481331825, 0.013170053251087666, -0.019495364278554916, 0.8738455772399902, -3.7821195125579834, 169.09136962890625
0.005159913562238216, 0.012974588200449944, -0.01941433921456337, 0.8680077791213989, -3.8021466732025146, 170.3624267578125
0.00500929169356823, 0.013500751927495003, -0.019036801531910896, 0.8640949130058289, -3.8220810890197754, 171.62913513183594
0.004849381744861603, 0.013497022911906242, -0.017229799181222916, 0.863228976726532, -3.8432979583740234, 172.89317321777344
0.004460086580365896, 0.013649211265146732, -0.015233602374792099, 0.8624488115310669, -3.8701794147491455, 174.1468963623047
0.004209811799228191, 0.013260150328278542, -0.01332910731434822, 0.8621229529380798, -3.899235963821411, 175.3968963623047
0.003926292527467012, 0.01180805079638958, -0.009955203160643578, 0.8651818037033081, -3.9290380477905273, 176.64947509765625
0.0034070578403770924, 0.012110850773751736, -0.007155060768127441, 0.8681735992431641, -3.9584333896636963, 177.90200805664062
0.0028474759310483932, 0.017561335116624832, -0.007841100916266441, 0.8638280034065247, -3.9918336868286133, 179.1439666748047
0.0025541603099554777, 0.02288041263818741, -0.012915574014186859, 0.8515152335166931, -4.028519153594971, 180.38890075683594
0.0027594149578362703, 0.022790251299738884, -0.020914483815431595, 0.8333936333656311, -4.07048225402832, 181.64785766601562
0.0033665462397038937, 0.018520863726735115, -0.02760225161910057, 0.8171786069869995, -4.111307144165039, 182.91598510742188
0.003949353937059641, 0.01565423607826233, -0.028711944818496704, 0.8116191029548645, -4.145577430725098, 184.17494201660156
0.0038132183253765106, 0.015161607414484024, -0.02574184350669384, 0.8147618770599365, -4.169229984283447, 185.43299865722656
0.003027199534699321, 0.015288395807147026, -0.021552791818976402, 0.8207377195358276, -4.18735408782959, 186.69752502441406
0.002087273169308901, 0.01548854261636734, -0.01852472685277462, 0.8239734768867493, -4.207168102264404, 187.96517944335938
0.001207305584102869, 0.01571817509829998, -0.018263760954141617, 0.8212705254554749, -4.236246109008789, 189.2334442138672
0.0006745778955519199, 0.015351989306509495, -0.0189962238073349, 0.8161869049072266, -4.269771099090576, 190.50877380371094
0.0004611467011272907, 0.01428648829460144, -0.0199821088463068, 0.8102778196334839, -4.3040032386779785, 191.79542541503906
0.0004607078153640032, 0.014364328235387802, -0.020385632291436195, 0.8073286414146423, -4.337276458740234, 193.086669921875
0.00037065125070512295, 0.015461161732673645, -0.019774259999394417, 0.8059648871421814, -4.371115684509277, 194.38368225097656
0.00030401931144297123, 0.01532829087227583, -0.018903618678450584, 0.8050656318664551, -4.405105113983154, 195.68890380859375
0.00015508593060076237, 0.014805523678660393, -0.018430201336741447, 0.8021358251571655, -4.440489768981934, 196.9951171875
-0.0001999586820602417, 0.015094012953341007, -0.01852990873157978, 0.7973310351371765, -4.475581169128418, 198.30465698242188
-0.0008739496115595102, 0.015264869667589664, -0.018663763999938965, 0.7894188165664673, -4.510036468505859, 199.6179962158203
-0.0017841109074652195, 0.015443013980984688, -0.019523954018950462, 0.7802324295043945, -4.540218353271484, 200.9261016845703
-0.0027342040557414293, 0.015697957947850227, -0.018859103322029114, 0.770391047000885, -4.568971157073975, 202.23052978515625
-0.003924164921045303, 0.015866655856370926, -0.01847856119275093, 0.7567963600158691, -4.598215579986572, 203.54098510742188
-0.005158963613212109, 0.015775879845023155, -0.017321962863206863, 0.7418188452720642, -4.626509666442871, 204.84036254882812
-0.006233721040189266, 0.016290144994854927, -0.015638155862689018, 0.7265275120735168, -4.6543660163879395, 206.13243103027344
-0.007143612951040268, 0.016665400937199593, -0.014953216537833214, 0.7093872427940369, -4.68235445022583, 207.4254913330078
-0.007989190518856049, 0.015978462994098663, -0.014574612490832806, 0.6904836893081665, -4.711234092712402, 208.72348022460938
-0.008662351407110691, 0.01541136484593153, -0.01458691991865635, 0.6715666651725769, -4.738555908203125, 210.01214599609375
-0.009312817826867104, 0.015349440276622772, -0.014692168682813644, 0.6528950333595276, -4.765789985656738, 211.3002166748047
-0.009919283911585808, 0.01576337218284607, -0.015258092433214188, 0.6336074471473694, -4.793133735656738, 212.58851623535156
-0.010246342048048973, 0.015399543568491936, -0.01655016839504242, 0.6132698655128479, -4.819717884063721, 213.88050842285156
-0.01061011478304863, 0.013301010243594646, -0.017075924202799797, 0.5941288471221924, -4.8448381423950195, 215.17086791992188
-0.011059360578656197, 0.012015145272016525, -0.016632910817861557, 0.5765002369880676, -4.868776798248291, 216.4604034423828
-0.011478612199425697, 0.013547288253903389, -0.01569051668047905, 0.5602827668190002, -4.891435146331787, 217.7479705810547
-0.01167792733758688, 0.015182584524154663, -0.01600613072514534, 0.5413603186607361, -4.914217472076416, 219.03903198242188
-0.011966641992330551, 0.01487098541110754, -0.01701158657670021, 0.5200101733207703, -4.938814163208008, 220.32740783691406
-0.012277594767510891, 0.013591249473392963, -0.017961742356419563, 0.49860236048698425, -4.966308116912842, 221.62350463867188
-0.012669018469750881, 0.01322070974856615, -0.018319111317396164, 0.47844499349594116, -4.992123603820801, 222.93043518066406
-0.013264447450637817, 0.013384439051151276, -0.01855694316327572, 0.45793819427490234, -5.014891624450684, 224.23028564453125
-0.013436314649879932, 0.013783629052340984, -0.019657140597701073, 0.43619367480278015, -5.035262107849121, 225.5324249267578
-0.013282699510455132, 0.013751354068517685, -0.02014325000345707, 0.41695576906204224, -5.054807662963867, 226.84153747558594
-0.013580603525042534, 0.013424845412373543, -0.020345743745565414, 0.39974838495254517, -5.074479103088379, 228.1458282470703
-0.013944212347269058, 0.013596046715974808, -0.02014125883579254, 0.38303783535957336, -5.094208240509033, 229.44554138183594
-0.01428872998803854, 0.013338210992515087, -0.019896425306797028, 0.36774715781211853, -5.113418102264404, 230.74911499023438
-0.014854192733764648, 0.012926620431244373, -0.019474532455205917, 0.3515763580799103, -5.131577014923096, 232.05274963378906
-0.015634337440133095, 0.013667464256286621, -0.019042855128645897, 0.3313263952732086, -5.150240421295166, 233.34754943847656
-0.016405081376433372, 0.014464256353676319, -0.018221016973257065, 0.31035780906677246, -5.170623779296875, 234.64500427246094
-0.016933897510170937, 0.013026007451117039, -0.017682528123259544, 0.287842720746994, -5.191143989562988, 235.94711303710938
-0.017351221293210983, 0.011352174915373325, -0.017188062891364098, 0.2655382454395294, -5.212013244628906, 237.25
-0.01767178252339363, 0.012124280445277691, -0.017025887966156006, 0.2423507124185562, -5.231215000152588, 238.54554748535156
-0.0179011058062315, 0.013601738959550858, -0.017819879576563835, 0.2190416306257248, -5.24822998046875, 239.8379364013672
-0.01831253618001938, 0.013494539074599743, -0.018768560141324997, 0.19583550095558167, -5.264272212982178, 241.13137817382812
-0.018532011657953262, 0.013459518551826477, -0.020441483706235886, 0.17022565007209778, -5.281831741333008, 242.4251251220703
-0.018401699140667915, 0.014544088393449783, -0.02257787063717842, 0.14327026903629303, -5.300246715545654, 243.71925354003906
-0.01826626993715763, 0.01594630442559719, -0.025459429249167442, 0.11469130218029022, -5.3184380531311035, 245.0198211669922
-0.018000954762101173, 0.01681475341320038, -0.028378969058394432, 0.08486714214086533, -5.336212158203125, 246.3256072998047
-0.017636291682720184, 0.0183169636875391, -0.031845737248659134, 0.056374143809080124, -5.357134819030762, 247.6310577392578
-0.01738814264535904, 0.019497910514473915, -0.033236242830753326, 0.03135140985250473, -5.378826141357422, 248.93280029296875
-0.017134929075837135, 0.019305843859910965, -0.03344480320811272, 0.008072854951024055, -5.401007175445557, 250.22201538085938
-0.016530970111489296, 0.018874749541282654, -0.03319821134209633, -0.01167997159063816, -5.423144817352295, 251.5133514404297
-0.016054969280958176, 0.019234629347920418, -0.0320693664252758, -0.028085950762033463, -5.445546627044678, 252.7947235107422
-0.015492705628275871, 0.02250569313764572, -0.031577274203300476, -0.04360487684607506, -5.470879077911377, 254.07046508789062
-0.014874769374728203, 0.02638290636241436, -0.03116675466299057, -0.05766334384679794, -5.498996257781982, 255.3387451171875
-0.014444185420870781, 0.02795751392841339, -0.0324859544634819, -0.07433827966451645, -5.532562732696533, 256.64263916015625
-0.014208951964974403, 0.02814887836575508, -0.033055294305086136, -0.09038892388343811, -5.57008695602417, 257.9327087402344
-0.014283411204814911, 0.02893841452896595, -0.033563919365406036, -0.10610097646713257, -5.607481479644775, 259.208251953125
-0.014274774119257927, 0.030194880440831184, -0.0348176509141922, -0.12493966519832611, -5.639926910400391, 260.4825744628906
-0.014433173462748528, 0.030776171013712883, -0.0362667441368103, -0.146127849817276, -5.668606281280518, 261.7580261230469
-0.014984463341534138, 0.03134562447667122, -0.037219271063804626, -0.16834208369255066, -5.696262836456299, 263.01715087890625
-0.015883231535553932, 0.03109675832092762, -0.03785872459411621, -0.192152202129364, -5.721803188323975, 264.2640686035156
-0.01671661250293255, 0.0305979885160923, -0.040094535797834396, -0.22196747362613678, -5.747966766357422, 265.54296875
-0.01700974814593792, 0.030959298834204674, -0.042051203548908234, -0.2529428005218506, -5.7730393409729, 266.8365478515625
-0.017190618440508842, 0.031969621777534485, -0.04383724182844162, -0.2842327654361725, -5.797937870025635, 268.13800048828125
-0.017365001142024994, 0.03275149688124657, -0.044204868376255035, -0.3119315505027771, -5.821872711181641, 269.44097900390625
-0.017542771995067596, 0.03393110632896423, -0.04393985867500305, -0.336813360452652, -5.8487091064453125, 270.74481201171875
-0.017523963004350662, 0.03625301644206047, -0.043782129883766174, -0.359595388174057, -5.877688407897949, 272.0550537109375
-0.017660154029726982, 0.037395451217889786, -0.04437727481126785, -0.38478174805641174, -5.907476425170898, 273.3712463378906
-0.01833527907729149, 0.03779161348938942, -0.04581514000892639, -0.41285768151283264, -5.937926292419434, 274.6719970703125
-0.01899290643632412, 0.03739890828728676, -0.04773222655057907, -0.4444752037525177, -5.967692852020264, 275.97412109375
-0.01904263347387314, 0.034611448645591736, -0.049726057797670364, -0.4773635268211365, -5.994571685791016, 277.28607177734375
-0.018738579005002975, 0.031474463641643524, -0.04967298358678818, -0.5080826878547668, -6.01583194732666, 278.60479736328125
-0.018480107188224792, 0.0309271402657032, -0.049111004918813705, -0.5369335412979126, -6.034142017364502, 279.9246826171875
-0.017911532893776894, 0.032882705330848694, -0.04840419068932533, -0.5621033906936646, -6.052321434020996, 281.2610168457031
-0.017141729593276978, 0.03350523114204407, -0.04772259294986725, -0.5823071002960205, -6.072571277618408, 282.6148376464844
-0.016684429720044136, 0.03303205966949463, -0.047818344086408615, -0.6021407842636108, -6.098564624786377, 283.97296142578125
-0.01641150936484337, 0.03287636861205101, -0.047991298139095306, -0.622853696346283, -6.129345417022705, 285.3257141113281
-0.016062568873167038, 0.033658724278211594, -0.04923699423670769, -0.6443390250205994, -6.1603546142578125, 286.6664733886719
-0.015404983423650265, 0.034411173313856125, -0.050191737711429596, -0.6658383011817932, -6.190463542938232, 288.00439453125
-0.014979435130953789, 0.03331688791513443, -0.04990886524319649, -0.6876140832901001, -6.220586776733398, 289.3425598144531
-0.014721592888236046, 0.0321679525077343, -0.04930296912789345, -0.7083949446678162, -6.249764919281006, 290.6602783203125
-0.014584172517061234, 0.0335441417992115, -0.048757314682006836, -0.7309250235557556, -6.2802414894104, 291.97955322265625
-0.014561564661562443, 0.034069497138261795, -0.04972932115197182, -0.7569131851196289, -6.310732364654541, 293.3129577636719
-0.014790769666433334, 0.03575441613793373, -0.05121121555566788, -0.7873471975326538, -6.342353820800781, 294.6384582519531
-0.015169660560786724, 0.03962874040007591, -0.0528915673494339, -0.8195553421974182, -6.377553939819336, 295.9500427246094
-0.015815455466508865, 0.04030315950512886, -0.05577915534377098, -0.8570626378059387, -6.419229507446289, 297.2634582519531
-0.017073577269911766, 0.03727124631404877, -0.05733570456504822, -0.8967148065567017, -6.458933353424072, 298.5800476074219
-0.018405066803097725, 0.03455305099487305, -0.05899181589484215, -0.9397379159927368, -6.496094226837158, 299.8980712890625
-0.01964576356112957, 0.036229703575372696, -0.059897277504205704, -0.982957661151886, -6.527140140533447, 301.204833984375
-0.020637458190321922, 0.039381083101034164, -0.06092440336942673, -1.0269099473953247, -6.551418304443359, 302.5037536621094
-0.02156563475728035, 0.039234016090631485, -0.06132299453020096, -1.0700589418411255, -6.5760908126831055, 303.812744140625
-0.022349625825881958, 0.03873540461063385, -0.06142989173531532, -1.1119705438613892, -6.607553005218506, 305.1092224121094
-0.022842004895210266, 0.040563613176345825, -0.062118880450725555, -1.1530847549438477, -6.643295764923096, 306.39007568359375
-0.023140400648117065, 0.04281874746084213, -0.062061961740255356, -1.193522572517395, -6.678580284118652, 307.6742858886719
-0.023419879376888275, 0.04369369149208069, -0.062106385827064514, -1.23391854763031, -6.713904857635498, 308.9596252441406
-0.023669714108109474, 0.044229406863451004, -0.06238550692796707, -1.2731380462646484, -6.751463890075684, 310.2407531738281
-0.024309633299708366, 0.04549998790025711, -0.061993081122636795, -1.311794638633728, -6.789885520935059, 311.53399658203125
-0.024931401014328003, 0.047341689467430115, -0.062401168048381805, -1.351401686668396, -6.826656341552734, 312.8303527832031
-0.02550046145915985, 0.0481191910803318, -0.0630878135561943, -1.390089750289917, -6.8616228103637695, 314.12628173828125
-0.025959178805351257, 0.04936547204852104, -0.06400363892316818, -1.4296512603759766, -6.897507190704346, 315.4370422363281
-0.026508567854762077, 0.05126840993762016, -0.06379784643650055, -1.4691272974014282, -6.933004379272461, 316.7530822753906
-0.026704251766204834, 0.05033695697784424, -0.06333232671022415, -1.5041390657424927, -6.968371868133545, 318.06243896484375
-0.02689528837800026, 0.04926639050245285, -0.06229964643716812, -1.5364367961883545, -7.000625133514404, 319.3638610839844
-0.02697673812508583, 0.05018790811300278, -0.0612860806286335, -1.569573163986206, -7.032970428466797, 320.66534423828125
-0.027164964005351067, 0.050873368978500366, -0.061663150787353516, -1.6043117046356201, -7.064115047454834, 321.9640197753906
-0.027192682027816772, 0.04994850978255272, -0.062389373779296875, -1.63692307472229, -7.093432903289795, 323.26715087890625
-0.02719356305897236, 0.04787176847457886, -0.06215422600507736, -1.6701366901397705, -7.1232099533081055, 324.5772705078125
-0.027642445638775826, 0.047985367476940155, -0.06134781613945961, -1.7037919759750366, -7.153442859649658, 325.8841247558594
-0.028928009793162346, 0.0487259104847908, -0.06048322468996048, -1.7411545515060425, -7.181368350982666, 327.1817932128906
-0.03053862601518631, 0.049069683998823166, -0.05996999144554138, -1.7823154926300049, -7.209380626678467, 328.4755859375
-0.03173794597387314, 0.04979277774691582, -0.06055232137441635, -1.8272225856781006, -7.237882614135742, 329.7695007324219
-0.03241005539894104, 0.050246838480234146, -0.06171432510018349, -1.8746757507324219, -7.269148826599121, 331.06658935546875
-0.03265243396162987, 0.04955555126070976, -0.062155868858098984, -1.9215410947799683, -7.298412322998047, 332.3736267089844
-0.03294501453638077, 0.050734993070364, -0.06193013861775398, -1.9648211002349854, -7.326781272888184, 333.67779541015625
-0.03318899869918823, 0.052983999252319336, -0.06268124282360077, -2.007413387298584, -7.353405952453613, 334.986083984375
-0.0331839844584465, 0.05402126908302307, -0.06507271528244019, -2.053239107131958, -7.380369663238525, 336.2904968261719
-0.03306090459227562, 0.054243702441453934, -0.06734669953584671, -2.1013708114624023, -7.407998561859131, 337.595947265625
-0.032730698585510254, 0.05447131022810936, -0.06896446645259857, -2.149761915206909, -7.43590784072876, 338.8968811035156
-0.032444607466459274, 0.05568331480026245, -0.0703946202993393, -2.196794033050537, -7.460403919219971, 340.2023620605469
-0.03182663396000862, 0.056702159345149994, -0.07212699204683304, -2.2410590648651123, -7.481651782989502, 341.5027160644531
